1.522920804681157136e+01 8.940464497702704794e-02 7.555578110802728398e-02 1.595765231662141584e-03
1.719172571416773110e+01 1.424562447339282056e-01 9.659452974366070088e-02 2.186038503465720026e-03
9.490511451798571585e+00 2.933487574086819302e-02 9.445322177752385473e-02 3.267314658358874257e-03
7.204894417306005039e+01 1.253456569874487891e-01 4.533927701399345644e-01 1.389171301329914388e-03
1.427653274131685457e+01 7.145263419945901973e-02 8.565080580289506640e-02 1.772725874983886946e-03
1.252092709691545203e+01 6.930975149727824913e-02 6.644062766353527050e-02 2.147913217545882776e-03
1.227172307672175933e+01 5.556561419548552982e-02 7.167952454529197270e-02 2.182323711288182769e-03
1.061213486406927409e+01 4.441198483245899220e-02 7.997333691098670871e-02 3.132348488274920573e-03
1.363934092913998164e+01 8.536101793330261311e-02 5.782604219176110116e-02 2.047849411458195230e-03
2.452831795251509561e+01 1.214900080907646979e-01 1.185832718536491415e-01 1.010987265286770066e-03
1.181975447290812653e+01 7.483963958902810354e-02 6.040386275845566200e-02 1.868196979839488979e-03
1.231314440487428996e+01 5.375207909288554770e-02 1.008113295368228968e-01 2.976394162843591738e-03
8.796166408226736166e+01 1.564356637115462134e-01 7.910457974647087109e-01 2.716185903651696307e-03
1.368961053326649946e+01 4.194593285342982508e-02 7.085809155962206896e-02 1.161513514073431912e-03
1.057858868117029516e+01 5.627158004564848659e-02 6.501221832224053643e-02 2.236229701032442767e-03
1.043341714518125407e+01 1.342255218521625493e-01 8.253863782427847684e-02 3.888528656955809234e-03
1.510488038123661170e+01 7.530044101018465441e-02 9.297063803214822286e-02 2.555723592826542826e-03
1.452606217163263125e+01 6.184192307036606717e-02 6.742551764955478921e-02 2.135283113331254944e-03
1.509294697645366945e+01 2.591737376986050778e-01 7.512885389185848528e-02 1.657154681950929629e-03
1.396302102132565714e+01 9.074091928660549256e-02 9.868760474624627133e-02 2.126342870776569589e-03
1.490649852255754482e+01 5.328943968712537838e-02 7.898454142735004957e-02 2.743201107464544874e-03
2.550514710233058935e+01 5.798155817747875640e-02 6.534910128834833798e-02 3.141610683504098890e-04
1.071526853460911433e+01 7.738170998424193092e-02 1.461854844257129693e-01 7.112431939466591982e-03
1.065316754061764648e+01 4.787345516172898663e-02 6.919295640553681237e-02 2.466254715162348368e-03
1.078834589953058831e+01 1.818972083423818775e-01 5.810030187244452637e-02 2.096010639098302639e-03
1.405860353740874835e+01 2.301033071833225030e-01 1.344305153086360338e-01 4.285827939866023416e-03
1.007738747316257033e+01 9.312931150026022842e-02 7.475304030727662752e-02 3.333256464478400339e-03
1.282627627549690175e+01 3.630883864639024988e-02 8.009934410903903068e-02 1.172481204896410559e-03
1.340298705754901931e+01 6.953136709127820392e-02 1.048559614503543069e-01 2.475812290937484585e-03
1.802078991395717722e+01 6.161632371627770444e-02 1.203539598130973221e-01 1.876709478099076664e-03
1.907714338603811655e+01 5.495411094650225203e-02 5.993550510204299908e-02 8.157319566191209266e-04
1.212666657034429640e+01 2.846431725517472033e-01 8.390217180761946891e-02 2.216775110443023038e-03
3.558512375856285104e+01 9.011701235789376652e-02 1.003308917667841832e-01 4.099012690114083144e-04
3.512736501171608694e+01 3.889510078868023135e-01 5.273849752619316211e-01 9.604042312784328086e-03
3.169945496123103013e+01 8.005452181881452800e-01 8.005552251658649976e-02 7.245892239281058597e-04
8.692658365866621750e+01 2.882793485927414023e-01 1.002639546812130050e-01 8.094237255578695959e-05
1.836034349127028520e+01 2.859800891171644377e-01 1.428564648686341809e-01 1.483003611908863088e-03
1.396589520001652090e+03 6.498266431509657215e-01 1.842609677574251537e+00 1.154426954401836135e-04
2.844045739474632484e+01 2.071438572504114561e-01 1.188718547764554129e-01 1.372213487697089476e-03
2.554493424376622102e+01 3.422243931742516843e-01 9.425002910309232540e-02 1.607440940217337274e-03
4.335922053936645852e+02 8.236795044208354843e-01 1.411911534504676435e+00 9.743554210926721158e-04
1.348544012048937759e+02 4.241212765397530671e-01 9.599237525377443125e-01 2.695954115423172294e-03
2.846840860627079195e+01 5.129582506807108810e-01 1.508299784689417777e-01 1.233456351568815472e-03
2.462652396556106638e+01 5.567880201387449546e-01 1.056526891518887040e-01 9.768363835048797864e-04
1.328116896098674147e+02 7.440487684057657258e-01 7.300991004796660855e-01 2.352711396845061538e-03
3.064991412618379485e+01 8.282411047404060200e-01 1.096376476969934954e-01 1.156386062065417825e-03
3.500647446231393189e+01 3.362501200293177561e-01 1.345085119812952368e-01 9.673832085520681296e-04
8.726561926378334988e+01 6.272664435779327086e-01 8.587360491746811597e-01 9.028848358026477297e-03
