6.803570316659315331e-01
5.716613846786298136e-01
6.026066623265371458e-01
5.769870064345468119e-01
5.061502784823013190e-01
5.891113460143289071e-01
5.930502284562513271e-01
5.285366632125365616e-01
5.485438767822503614e-01
5.028364931984452557e-01
6.848480543968611389e-01
6.155839679823843502e-01
4.812798635096438016e-01
5.682722019545671799e-01
5.979911331556568843e-01
6.212503558597535225e-01
5.226628075892797431e-01
4.755575624915010513e-01
4.647247967516644485e-01
6.227005964312960495e-01
6.918856316560357822e-01
6.825024455968792259e-01
4.958406623810250879e-01
5.080033542005717440e-01
6.203704908327418721e-01
5.074813281607567506e-01
4.388368873189974484e-01
5.357363721685831637e-01
5.704795920377857543e-01
5.124458716272214387e-01
6.399768203363331853e-01
7.178295780022736494e-01
6.101583154880193538e-01
7.659802166850772087e-01
7.066822394334613122e-01
7.397798241021649179e-01
6.656237097450496965e-01
6.629153795998152798e-01
5.119821206576473660e-01
6.999429523356148763e-01
5.370246424912836769e-01
6.695407670584616611e-01
5.539401147389930724e-01
5.623262564705509003e-01
5.031983356074316571e-01
5.932825231992507886e-01
3.766827932018453895e-01
6.164732894616838932e-01
6.545276177509649074e-01
6.610638918863310787e-01
6.876400017070729564e-01
6.736435739731775341e-01
6.245763892471756229e-01
4.687672065901102858e-01
5.178779143111968963e-01
6.396279300627288888e-01
6.356743006404332874e-01
4.645805028354251798e-01
5.164447616960616827e-01
4.971598853713321553e-01
4.740950118849840411e-01
7.402477419737795161e-01
6.684988192114336147e-01
6.491820179434547589e-01
6.858812397691073093e-01
5.772026572296888869e-01
5.337794348909860043e-01
4.964419067407528918e-01
4.726540328163622018e-01
5.320207934502844127e-01
5.709261900126398892e-01
5.193565028102501424e-01
4.800837318409951759e-01
7.023641768314440315e-01
5.910256872625793134e-01
5.028450877266911201e-01
6.490747256456332881e-01
5.701033886328521483e-01
5.742032213647592087e-01
5.885578354325499140e-01
5.306642721705437937e-01
4.158374732443416710e-01
6.825946160562991194e-01
7.432032821441252324e-01
3.640343223769270664e-01
5.893196268722904474e-01
5.494544458099528406e-01
6.174126192411371061e-01
6.058500857161379649e-01
4.869212180077459595e-01
6.989123668210446283e-01
5.147040585738124063e-01
5.011750236307679351e-01
4.700997382637860933e-01
4.845942250588045619e-01
6.499186303929407327e-01
6.370433001715161137e-01
6.168445754275048154e-01
5.127662007786222276e-01
6.780498212994563456e-01
4.616839456316739754e-01
4.837263828604220217e-01
6.478097044890311906e-01
4.762684975888866745e-01
6.608475246431849692e-01
5.520101834690154252e-01
6.297387025574890940e-01
6.205882954003072438e-01
6.276301477691276220e-01
6.001854298550669542e-01
7.196674424212274879e-01
6.053470515002212782e-01
5.223882857363868482e-01
6.131089647550036492e-01
5.118222677148916988e-01
6.262755623157822971e-01
6.517973688696654389e-01
6.784576921746705569e-01
5.976877358848305954e-01
6.763190713608724369e-01
5.230538979631720320e-01
6.747471655466944496e-01
5.146857136924075649e-01
5.472593313538838267e-01
6.010480322728648517e-01
6.139660785759785133e-01
6.677518170535280406e-01
7.235885374531646486e-01
6.513280895844345553e-01
6.153107312098649029e-01
6.279398835145348912e-01
5.064216490857655906e-01
6.095711500104143976e-01
6.647865417437999191e-01
6.027069382793351915e-01
5.966925436381703696e-01
6.525536110702302439e-01
5.317621937822015754e-01
5.667077680004255491e-01
4.621457482737926226e-01
6.483815178854481776e-01
5.403354349942094403e-01
6.569261726741931762e-01
6.896405468382321713e-01
5.019945228753449618e-01
6.539816068286076201e-01
6.752059197671155255e-01
4.888688024219132178e-01
7.049481616917665505e-01
5.385381537327825763e-01
6.380241569371443155e-01
5.728826680533340987e-01
4.854900024828853189e-01
6.406967187015898402e-01
4.962191317719860661e-01
4.306034938480589602e-01
6.427653137132038896e-01
5.026612381464079515e-01
4.953709337051067085e-01
5.301048606434763943e-01
6.968127704531521527e-01
4.835596500881552684e-01
4.974085907945315910e-01
6.731380757162717110e-01
6.100252727116389773e-01
5.791048648831722545e-01
6.306745993440059372e-01
7.277426535560496124e-01
6.447377328649546158e-01
6.980849101111225030e-01
5.567911678957000454e-01
4.886768730826627216e-01
5.903626145290694627e-01
5.953510140125637395e-01
6.626978273631659588e-01
5.510285957898007903e-01
6.676955982527383870e-01
5.432533839148709909e-01
4.577390581041494988e-01
6.684222390645279122e-01
5.477842255689676643e-01
5.439673327891554333e-01
7.140012678696927573e-01
6.245186741708491640e-01
6.155446687644801074e-01
5.619549702885949793e-01
4.705439763954081256e-01
6.626318878514259048e-01
7.435964743347278638e-01
5.814101284044211893e-01
7.275097363508862269e-01
6.936539116486052370e-01
5.394105051270468021e-01
4.646490555539947165e-01
7.020512037707435926e-01
6.133641837710113176e-01
6.383881393695609585e-01
5.125577895801949335e-01
5.010748167328569203e-01
6.428480926430555353e-01
