1.596028276415548497e+01 2.754003769383294581e-02 2.678327642639494854e+00
3.471207881860129874e+01 1.149956606994453553e-02 2.697265695880411318e+00
2.713190685614121023e+01 8.027274392582488260e-03 2.708491055808980974e+00
1.896148139123915399e+01 3.326887636413015936e-02 2.644315169361430407e+00
1.343345748175390675e+01 3.057276109438666553e-02 2.614055562642763064e+00
1.840722871972632291e+01 3.513223119383572512e-02 2.645110979975758614e+00
3.282746438346563167e+01 3.019819599307369332e-02 2.654269629855763313e+00
2.476964443950167549e+01 8.020526221278563225e-03 2.687720231665029491e+00
2.288562807284386835e+01 3.119433365301540334e-02 2.629860627518523231e+00
4.019622839666946135e+01 1.500371201636181706e-02 2.674144299452446027e+00
2.483310588040748357e+01 4.122834677452301422e-02 2.615084902214523055e+00
1.851219424543892700e+01 4.386934890990765168e-02 2.624074417551294669e+00
3.859335204023462040e+01 3.034700660994677987e-02 2.594816445460669030e+00
2.879483040023126605e+01 4.206471786103723604e-02 2.633977695603395119e+00
1.258612456323927553e+01 2.601254639552980780e-02 2.687209755284952539e+00
2.035310116801666425e+01 2.406170620043595818e-02 2.675477081330521756e+00
1.263157818214190975e+01 4.872497192662657989e-02 2.612218719856341576e+00
1.808335283026610441e+01 3.785677682251319814e-02 2.575166333395411566e+00
2.221216101676746746e+01 3.328303510725756642e-02 2.565244092143406096e+00
1.192149629312099179e+01 1.487447296139789155e-02 2.711530750556196079e+00
2.492137150243064880e+01 7.856928258581495628e-03 2.740251204422429421e+00
1.392358019129767754e+01 3.423607133913758593e-02 2.693455214778464502e+00
3.952977531844825876e+01 2.379997209270987013e-02 2.617498724072487182e+00
2.231887514358524527e+01 2.278031448692037844e-02 2.617984883280161323e+00
2.980934023167576896e+01 4.154320864927818491e-02 2.643322344654835288e+00
2.907164807596926082e+01 1.480948203906752927e-02 2.646342207806370084e+00
1.853311369946643694e+01 3.217317508689064576e-02 2.511956877329937221e+00
2.673006355080439889e+01 3.534194473666532610e-02 2.612258774560114460e+00
2.937353514394024856e+01 3.379847114711605899e-02 2.619028245713168612e+00
3.477563860615376967e+01 2.816924413535827967e-02 2.623550612221512868e+00
1.410575421786328931e+01 1.483909050706175986e-02 2.677266740315956017e+00
2.511256682583906752e+01 9.795924463588925185e-03 2.723668869960857997e+00
1.911962118074515971e+01 1.251441116722279076e-02 2.703018461787520366e+00
8.671621023591029598e+00 1.811342424655029704e-02 2.769792771376462071e+00
2.069841809673079069e+01 2.594526377963695188e-02 2.693028689644640927e+00
1.591910867837050603e+01 2.399830247793558607e-02 2.701135748132812431e+00
1.775223419250018964e+01 1.037175684350313473e-02 2.750979860800417232e+00
2.300006383063754711e+01 1.897542962372675279e-02 2.710618305732741540e+00
1.789145780025113908e+01 1.405923210718013072e-02 2.647124722402232955e+00
2.728999497302241295e+01 1.626438411410669610e-02 2.732703893182951038e+00
3.067581370619267034e+01 2.372461972198801339e-02 2.658786153719110423e+00
1.544346182721144167e+01 2.534487187884672602e-02 2.715519205741508291e+00
2.823880607801444143e+01 4.938881570929851833e-02 2.630740608938938241e+00
1.622746127539895511e+01 4.975922773756092515e-02 2.629956352050175195e+00
3.307949297447402870e+01 4.072660528380445816e-02 2.615239147217692128e+00
1.549840142680003297e+01 4.561395179207723000e-02 2.605801161386176457e+00
2.488066466616605510e+01 3.243818249580228408e-02 2.426560503401740121e+00
3.100325751415692466e+01 1.543993695048931705e-02 2.661544411089416862e+00
1.051874412656730584e+01 4.700816275747590756e-02 2.646466890486998125e+00
2.782857347657833103e+01 3.872448718280255969e-02 2.674791202213649743e+00
2.202410368075743108e+01 2.501051089107489411e-02 2.698237675994312745e+00
2.664583477106242526e+01 1.361636759798685523e-02 2.716475289301859775e+00
1.585037626914748188e+01 4.285127716898159966e-02 2.647184418842855713e+00
1.984282034296724717e+01 3.827107372323447498e-02 2.592351154547553271e+00
3.701324249843350600e+01 4.461905427840839183e-02 2.600554055426585798e+00
2.225478376229289523e+01 4.444874033406752412e-02 2.644905951872823735e+00
2.147953555119224589e+01 3.064545872172117283e-02 2.641911280778536320e+00
3.051416298195902499e+01 4.424971912136253099e-02 2.545888037088977374e+00
2.338377844054865662e+01 2.259727602142718589e-02 2.637317801580794097e+00
2.588790974082705532e+01 1.742961416088176924e-02 2.665156775716627902e+00
4.049573935652828283e+01 2.146237793875933192e-02 2.604244665506883827e+00
2.187341240068398207e+01 2.377984365111622880e-02 2.750142998109827097e+00
1.236788288213635845e+01 2.118394119457670671e-02 2.648313509580612735e+00
1.846839227924082394e+01 3.511145733570426863e-02 2.656303004596761497e+00
1.731067879970448331e+01 6.911963861710270982e-03 2.757677404422701706e+00
2.605111631529265992e+01 4.610543670418448120e-02 2.559031047686589400e+00
3.605514881297379048e+01 4.696475269617635118e-02 2.556758167825594619e+00
3.391626067795336752e+01 3.977148779572989984e-02 2.567914333945519267e+00
4.302304060724654278e+01 7.847573274828189768e-03 2.662509805072393210e+00
2.076606391701252008e+01 1.298462317905169430e-02 2.676241357603863058e+00
3.026711038294722655e+01 1.464680457588252854e-02 2.684288935245066288e+00
3.306387710889599418e+01 6.817357227249984039e-03 2.706359375615566165e+00
2.709467026286623081e+01 3.210550578216290335e-02 2.609759839537457715e+00
1.208652396129627071e+01 4.094915525435081916e-02 2.683706612404480829e+00
2.380462423138948580e+01 3.240885606179685907e-02 2.652049604439757680e+00
2.833755685586284656e+01 2.787844732755107371e-02 2.616656844507797341e+00
1.564434108132415524e+01 2.678537682991297478e-02 2.670341898013498749e+00
3.350699352096658146e+01 3.159139791402789527e-02 2.628428814890285903e+00
3.417838192415660359e+01 6.718702481796901861e-03 2.729723195297517613e+00
2.861138456835359278e+01 4.444406725268731234e-02 2.652779692536102019e+00
3.792881687955529912e+01 1.529493530727832687e-02 2.667424247536165804e+00
4.106510022067930521e+01 1.842933534901182793e-02 2.530528010513649395e+00
1.600763288838590981e+01 1.115410933736391691e-02 2.754700658109281441e+00
1.936663504459018625e+01 3.312646073168164923e-02 2.691938467300418747e+00
1.503816061196404696e+01 2.263610458099625175e-02 2.452779964200636709e+00
2.729618483561970876e+01 1.259815039369872186e-02 2.680338855283405319e+00
2.488591263124974517e+01 3.885109748914881284e-02 2.603629336324291721e+00
1.959265373182109116e+01 2.420120906975016528e-02 2.666497349592347632e+00
3.003356555031523811e+01 2.905632658606392693e-02 2.650076590663733800e+00
3.213680894220063777e+01 3.724247072660680224e-02 2.544698259448908928e+00
1.958254039725823858e+01 1.724494166546614027e-02 2.717180126048184263e+00
1.606224792586954209e+01 2.099085510246921985e-02 2.651846527062398096e+00
3.099530048920769687e+01 2.256084814422045989e-02 2.628404424525142780e+00
2.881451687572886655e+01 3.552157443071229936e-02 2.554881083483467652e+00
1.671207920622706666e+01 3.082339048759764888e-02 2.581507606157270374e+00
1.690528973881732711e+01 2.191876237535002325e-02 2.680821210837063706e+00
1.862919662681016675e+01 2.150025877472112185e-02 2.656427352720026835e+00
1.948514327800507573e+01 4.600082314473859235e-02 2.617479732000758119e+00
2.921960241970868211e+01 2.880691842767258565e-02 2.654823382740647553e+00
2.632613329297949534e+01 4.297210458632519381e-02 2.605860104716901215e+00
1.729480116718657712e+01 2.727356088360550698e-02 2.583468288403381052e+00
2.997971338935332497e+01 3.101202245609326405e-02 2.610314123740745451e+00
2.176855865623580399e+01 1.693269721653784324e-02 2.706511500008853766e+00
1.675609675895127282e+01 4.449741713059934128e-02 2.551526681322966450e+00
1.667005723290269259e+01 4.055865315359307582e-02 2.647147778893380377e+00
3.117394387831404501e+01 1.247532530124367128e-02 2.678478660016895496e+00
1.231359973315140621e+01 3.982157720090098718e-02 2.620328614610428541e+00
2.029603506455775275e+01 1.110512604820885346e-02 2.739759552330700121e+00
2.825283113234039689e+01 4.381864644395436909e-02 2.634959260660687086e+00
1.262825008996620113e+01 3.930686872211197613e-02 2.583095821677320991e+00
1.373183521057104173e+01 3.783484767376588120e-02 2.680542442150153359e+00
2.904493404910023813e+01 3.671213618849882010e-02 2.648250342256927681e+00
3.615166971453795242e+01 1.877944784105245457e-02 2.635880216241341500e+00
2.413563565115034493e+01 2.429942940469366486e-02 2.661371359486799371e+00
3.703791254585464543e+01 3.860158017489305482e-02 2.593725613817678077e+00
2.052538850720649322e+01 4.835972136395703252e-02 2.642226593567754023e+00
2.906653682937811922e+01 3.735600854683480965e-02 2.657629979256504793e+00
2.549810305665581467e+01 2.602765389330883444e-02 2.684476219460051993e+00
3.347621091772983704e+01 8.682721514608825186e-03 2.677279378450351466e+00
1.568089826711367074e+01 4.398371180076751652e-02 2.645745178692063160e+00
2.691261946774752545e+01 2.091906960592961398e-02 2.648335293752231756e+00
1.149528631614708374e+01 6.982451911912801110e-03 2.732120536249595943e+00
3.617914748606339259e+01 3.194179229987907653e-02 2.599302786486918926e+00
2.167192790141903558e+01 2.916510616337366843e-02 2.617523721604709586e+00
1.820283831957926424e+01 3.322677375482264994e-02 2.667010718929617941e+00
1.524625321433904013e+01 2.575149122091749745e-02 2.647158336810549351e+00
2.911917033711391767e+01 3.449847210813467707e-02 2.665420857592193826e+00
1.604939559259202753e+01 4.608990855681839582e-02 2.644404766117434580e+00
1.300869859143612928e+01 2.438865799277380175e-02 2.697216146768400602e+00
2.069674938714228318e+01 2.266381398235852579e-02 2.667491795815467359e+00
2.716256890936106316e+01 3.155812594122676257e-02 2.651382548222849689e+00
1.588571774345524723e+01 4.285446573590778740e-02 2.619096527902967875e+00
1.557743878951442795e+01 2.109238942187520449e-02 2.658537223210855949e+00
1.102701076294804672e+01 7.380717984082157956e-03 2.690700505391213415e+00
2.693840427789494285e+01 2.934686616740835030e-02 2.668921655273307714e+00
1.905222300710475736e+01 1.931355107419072473e-02 2.695154500500551720e+00
1.728966069907090031e+01 2.206510135390643210e-02 2.695865629323066504e+00
2.625810970967317104e+01 3.601024952605346580e-02 2.615905625882628538e+00
2.499531804625581088e+01 4.086688680222456266e-02 2.638217939802309786e+00
3.794489075034494618e+01 2.035081539361599176e-02 2.602853007509750682e+00
2.892183687154424376e+01 3.046566782203101800e-02 2.653013601329468063e+00
2.385037393432420672e+01 3.871336909699287648e-02 2.565456332339010714e+00
1.108638206021790396e+01 3.812340274718944294e-02 2.670068877020404408e+00
1.059987289466319638e+01 2.563760925908568911e-02 2.704625006591288017e+00
2.473446814630268875e+01 2.996875194798603870e-02 2.621450799251467956e+00
2.228600052613031579e+01 2.217801449493837090e-02 2.674618605553969353e+00
2.707052934346500450e+01 1.790372470445307854e-02 2.703160941905319525e+00
2.308793138549717483e+01 4.408403253474141303e-02 2.577109481825662129e+00
9.338812082356851008e+00 1.544756451913041270e-02 2.711383332217253805e+00
3.534074953171753464e+01 1.350522044031199700e-02 2.684930693905632992e+00
2.191092723866401926e+01 8.021045084327778352e-03 2.690223675782529522e+00
2.509431733421140720e+01 1.644621592326173110e-02 2.676989729543344687e+00
2.017489028399638684e+01 2.289132340527239018e-02 2.604909406505611980e+00
1.250995072151714638e+01 8.518634647964382425e-03 2.715624507465744131e+00
1.408763392228871680e+01 4.696675995395923481e-02 2.597483565608130540e+00
3.117170835484857960e+01 3.278640823523296804e-02 2.453050389547681842e+00
1.355677773260559782e+01 7.748514716679410878e-03 2.681994255169545482e+00
2.549606470451385221e+01 1.243818545123933847e-02 2.680892214863623391e+00
2.927829531825144116e+01 3.648632393130522844e-02 2.592390231610942841e+00
2.991902687770207336e+01 4.216157313863112821e-02 2.626567947157853133e+00
2.569441998496081325e+01 6.981946832097804881e-03 2.715007167773429764e+00
4.011548531253311012e+01 1.602131711842436426e-02 2.662108874345812115e+00
2.393524217531833287e+01 1.040295839430613496e-02 2.667160510508920002e+00
1.923053311622642880e+01 4.745720350483857708e-02 2.646078012095633092e+00
1.757945997089045420e+01 2.768054709154212784e-02 2.639327076763914093e+00
2.209243767430121252e+01 4.889713159755033900e-02 2.604193839247588738e+00
2.869610210004461592e+01 4.929699108247437289e-02 2.643980135104755380e+00
1.902183532665705101e+01 4.684667382687604520e-02 2.648370840269828719e+00
2.196966677289724856e+01 2.906379238275403135e-02 2.653412168278862726e+00
1.412003622004811199e+01 4.014370805661560127e-02 2.672442086236376024e+00
2.122623503693609948e+01 4.594928217757524025e-02 2.579562505304576980e+00
2.117502007381753870e+01 2.961847332443785091e-02 2.578414923556154204e+00
2.172578456388113821e+01 3.055648207374427050e-02 2.615342731758110162e+00
1.957094443318475996e+01 1.172299555706434945e-02 2.690578689535140455e+00
2.151069119067830471e+01 4.566291021472541900e-02 2.670144075214396118e+00
1.357790151806001688e+01 1.449616947578027601e-02 2.650525679525396416e+00
2.485284002549443372e+01 3.219495018666169300e-02 2.681232560437951218e+00
2.271088629099104850e+01 2.489010956608748298e-02 2.613190293098953898e+00
1.863818051711773194e+01 3.519208060307942726e-02 2.551379427044272674e+00
1.104727928393562841e+01 1.475522653314394889e-02 2.732207764911212866e+00
2.533916697688297859e+01 4.818489559747980017e-02 2.618359021571739387e+00
2.097605514885174927e+01 3.127356303200691523e-02 2.654738311435294484e+00
1.159351607031571163e+01 3.721216560054058792e-02 2.702202454463064285e+00
2.282156294678553721e+01 2.344337859541206423e-02 2.699582667222944377e+00
3.214477978080551424e+01 5.628244867212079186e-03 2.781389563389494501e+00
2.169337704710073922e+01 4.954739367690070423e-02 2.640324248333377977e+00
4.255644113440194332e+01 1.454569192929275334e-02 2.619727131375471085e+00
2.582186348086950645e+01 1.007204126761540933e-02 2.767960118908122435e+00
1.986403857674078566e+01 1.339134913660655277e-02 2.733052539460763875e+00
2.375308570964802612e+01 2.847085389772691447e-02 2.653078629515026154e+00
1.110941646466090482e+01 4.097215002678648160e-02 2.670512937741299275e+00
1.467571336183117126e+01 4.359836393073960453e-02 2.686794789242368253e+00
1.797552721691006639e+01 7.107894658821835646e-03 2.740835800681865830e+00
2.564450933660215526e+01 3.763658819255833593e-02 2.595729557911392149e+00
2.134830081369311472e+01 6.540133436988381302e-03 2.778429871089051595e+00
3.054229927219560281e+01 3.228418072807208439e-02 2.617077227921328575e+00
2.420392462608512929e+01 3.878129790198962812e-02 2.643632844211890820e+00
2.115637291090187944e+01 2.709059039081918724e-02 2.626763972221989096e+00
3.390720727792337641e+01 7.564265280498928476e-03 2.678007207717552074e+00
1.382645426594451621e+01 4.570873118875443120e-02 2.622711788055918536e+00
