3.466357051639281650e+01 9.511688083775259317e-01 2.093641379617509624e-01 7.746924628126979767e-03
3.018232503023637037e+01 8.750708554382996551e-01 6.372194079433587399e-01 6.912565792792032399e-03
1.127131455447212716e+01 4.049681447817962687e-02 3.635099519818856262e-01 2.527426658121586459e-03
3.445474768516695718e+01 2.807233550265733624e-01 2.763784952161478237e-01 1.804213677514380013e-02
9.763296194362354186e+00 3.896178269929666538e-01 5.979184957544211310e-01 1.905501975066322198e-02
1.282622842181947931e+01 5.840156566737831900e-01 7.928562869287693049e-01 8.720075568893067078e-03
1.871916100557622542e+01 3.063549974267146814e-01 4.895410398008369357e-02 4.985582718175325320e-03
2.682382245602979509e+01 3.797232989094861955e-01 1.900265527066559712e-01 5.752347714864724376e-03
1.486448263033898343e+01 1.547596553489854476e-01 6.060066498635070520e-01 6.120672045217580293e-04
2.446342269523155011e+01 5.117959315686985977e-02 3.758520985572103013e-01 2.917531002668565573e-03
4.895267511679400485e+01 9.454479263961046431e-01 6.496943704463197244e-01 6.729590589559238806e-03
2.267126173839911729e+01 8.082738930229349528e-01 8.721823494643828889e-01 9.479683620311511391e-03
1.973216846801880209e+01 7.124991543625400769e-01 6.315205741254473759e-01 4.709293602251831551e-03
2.312145115858024980e+01 9.232178282686174242e-01 5.394802494610929644e-01 1.759392865230824041e-02
3.138608595470931917e+01 6.479760660635123237e-01 5.158299821778545846e-01 7.222292044295966149e-03
2.149569412831782245e+01 6.602248416869068715e-01 6.336203557702744238e-01 5.314806446860411565e-03
2.359964866959074925e+01 6.043242017801213617e-01 1.977248254035162689e-01 1.317886755816381587e-02
1.696208213083951222e+01 9.144939726449166084e-01 1.489292623667016202e-01 4.165221141661885548e-03
4.830454584537676510e+01 6.144416378020494118e-01 8.489563426836844728e-01 2.452851276668929770e-03
2.359584041852927072e+01 8.279585363734854875e-01 4.888697731664970458e-02 1.676402511557654107e-03
4.480809818522655519e+01 9.340479847496456767e-01 8.441944064120066038e-01 8.849665115188663778e-04
2.104358533439761558e+01 7.942464014833954256e-01 1.185037872349093552e-01 7.387149252896506660e-03
3.804627593547265008e+01 3.136058126167201587e-01 1.981650240737105606e-01 1.500262372040121750e-02
1.753838486300833210e+01 7.615443092572096728e-02 7.322331916795937756e-01 4.733254754975844969e-03
3.071437377629812460e+01 1.518993494786967935e-01 3.494854841348127850e-01 2.160541783321278698e-03
4.519243469479418707e+01 7.187200121145358445e-01 1.621655843789195084e-01 3.645798319060664181e-03
3.714646537175433849e+01 6.254465061584370267e-02 1.196335649600378526e-01 4.398958304293577870e-03
3.520884922416321672e+01 6.172275196664707142e-01 6.991155118266944024e-01 4.561941467577932882e-03
4.424484110588277730e+01 9.595058088179400091e-01 7.157401909447147492e-01 1.474159736927743193e-02
4.830379479645918650e+01 6.881471744282602332e-01 9.074498792919719614e-01 1.916411803239310638e-02
2.394652825408681451e+01 6.618673536611408004e-01 4.798136474191649903e-01 1.568469314855591712e-02
4.590047892279677200e+01 5.616457471930519363e-02 1.827653107858164538e-01 1.968525128300399954e-02
1.640987734200230719e+01 2.771194145064041492e-01 2.327119868042874240e-01 7.568130775530713603e-03
4.508814792863740450e+01 2.763446548015094928e-01 9.375151333590349134e-01 1.288534095301020928e-02
4.982237240364896991e+01 3.839323703158706996e-02 7.664323437015758689e-01 4.460062252486478654e-03
2.023130068842960227e+01 9.962420270087851693e-02 8.580625934342780425e-01 1.491663818964685320e-02
4.902970030400746282e+01 8.680604834663940839e-01 8.840945990462396598e-01 2.995171556736955613e-03
1.020431739070991917e+01 8.237134792617692991e-01 6.930782520685855319e-01 1.484452619648045542e-02
3.831764512722093485e+01 6.784411627924331611e-01 7.143037301525888561e-01 8.979293775054205881e-03
3.182950963085585272e+01 3.988655876138014755e-01 2.450894539567693986e-01 1.013812503411956611e-02
1.723667978676149559e+01 6.205022077300648142e-01 6.800589962237088004e-01 2.166890803796273773e-03
4.644727414605395666e+01 3.591940397530362095e-01 4.081178654692157459e-01 3.538694026078551425e-03
1.645257592099403610e+01 9.313259283421712054e-01 3.566839815162688443e-01 1.133806062298223401e-02
1.028047706615265966e+01 9.810944487942609982e-01 9.135370072271498110e-01 1.711395578966926068e-02
4.801569878486073151e+01 3.534412517995085268e-01 4.438754337466999655e-01 9.176368163163499056e-03
1.796280045851068508e+01 8.005585296430225428e-01 7.462495699569319241e-01 1.362531912270093307e-02
4.104679368799274641e+01 9.382251110204833378e-01 2.524944037441643752e-01 2.809403538089738379e-03
2.572672665326982155e+01 9.402676912076568527e-01 4.802413596883737812e-01 8.538348930957609037e-03
4.300786927150173256e+01 8.233035190523797509e-01 2.567839233612010386e-01 1.029673117120359985e-02
2.003831812138336588e+01 9.849904470417173430e-01 9.347958866132950462e-01 1.337298922104706959e-02
9.354092682144177218e+00 8.452476278196500159e-01 2.210541387672389224e-01 1.852666035664035302e-02
3.807250953006660410e+01 4.442039935463985012e-01 3.618278165014988945e-02 1.249639480831032587e-02
2.902652465303877705e+01 8.508071181891199153e-01 2.476170846414936511e-01 1.283118298153810427e-02
3.295079506142941739e+01 2.520462143111182329e-01 5.851579227764497348e-01 1.478722633565022083e-03
3.110808651866709340e+01 8.547701618739488305e-01 7.861625297249286159e-01 1.293065251923398822e-02
4.932519417240779802e+01 9.164279670837106595e-01 1.198197443590543892e-01 1.851585644240177908e-02
3.363710315608419421e+01 6.574261366304878784e-01 1.671618196318342131e-01 1.997107025159674046e-02
3.456316517546154898e+01 1.879568130894495315e-01 2.831546332382158249e-01 1.483401660241924838e-02
3.487940075457701283e+01 4.730570244345669861e-01 8.053590175106093429e-01 1.168278771909206197e-02
9.304651552384626712e+00 9.331948742282060172e-01 4.608032518033302605e-01 2.841292504123087061e-03
2.934010360287178898e+01 9.528189186476433425e-01 1.459964350345761275e-01 1.090652199215672892e-02
3.272875335302017419e+01 6.388740144361947371e-01 8.441928753889654802e-01 8.167092043239137025e-03
4.701197486132451786e+01 4.249596664940612500e-01 9.632049586339007652e-01 1.670833506947690464e-02
1.625324276063336271e+01 2.009446057137078412e-01 9.735911327924474667e-01 1.599902985363259311e-02
1.056764668680630770e+01 3.049919593105958615e-01 2.734868487201319587e-01 7.512915702595745690e-03
4.505169777706857559e+01 6.194510466075876520e-01 4.430976040149502415e-01 2.999851937878607235e-03
1.190902751006587934e+01 4.032229884410882814e-01 8.343181295865153002e-01 1.027956160460710353e-02
4.890950473110076757e+01 7.461531371564403825e-01 2.249924923588543513e-01 1.373489284270435797e-02
3.719838783032687957e+01 3.023289866858657748e-01 7.018301068731116477e-01 4.929364939104455973e-03
4.249569081974939166e+01 6.297196472379814614e-01 4.983457065607478920e-01 1.008238209369583492e-02
1.171231299245983237e+01 4.958218332131885675e-01 4.146699873860722474e-01 3.178439926927942739e-03
1.805772733347453496e+01 5.870614976310529753e-01 5.507645570489462239e-01 1.007416781678932647e-03
1.819252953278461149e+01 6.836408334615839966e-01 5.047776767931492214e-01 1.109637476938648594e-02
1.419618465880857627e+01 3.632456334973326872e-01 5.656250007101826238e-01 2.038060736663927300e-03
1.509709223708206949e+01 7.036931469080422996e-01 9.683980831416820756e-01 1.839896668115120759e-02
3.056227365541258933e+01 6.589094527870884010e-02 5.134955639315932352e-01 4.624224939298910916e-03
4.588001255672269707e+01 4.755681208552590689e-01 6.923620167433093275e-01 1.885004832125373314e-02
3.307455711652281849e+01 5.773615422714840628e-01 7.296840343428083742e-01 5.891723377357275171e-04
4.658123096624776593e+01 5.828321376434215662e-01 9.864900239762263157e-01 1.136026685937489671e-02
2.747594502685643647e+01 7.762682062037494779e-01 5.820056592663971351e-01 3.947365570891236616e-03
9.995464000608450306e+00 6.392205393488462617e-01 8.547352249063622232e-01 1.038460533731617834e-02
3.261799297279878829e+01 8.991236485497253739e-01 3.587130227773203672e-01 1.749131887124188989e-02
1.842103276885857355e+01 1.849130502763052797e-01 9.848237447702139491e-01 1.796856061069070781e-02
1.130076990978639984e+01 6.601728987089420242e-01 2.599448348928328212e-01 2.228038268828682299e-03
4.776963086824323312e+01 2.290319150883303179e-01 8.761924892778292229e-01 2.800696877619076892e-03
3.958940514062466320e+01 3.601244514943602870e-01 9.621593368394333601e-02 2.912303245264681595e-03
1.936084378489179159e+01 7.261907620752415804e-01 3.184824851506608545e-01 6.928395090836999767e-03
1.462606022449366172e+01 1.429928208846957538e-01 8.157720822554842544e-02 5.781031666802176686e-03
1.157692267759937721e+01 7.731448426740813451e-01 9.985204999687817828e-01 7.854733194832611010e-03
3.946894386879338867e+01 1.161558880705979013e-01 5.758426989666014517e-01 3.962653642071595553e-03
4.027837587185949531e+01 5.423538339234789118e-01 7.485402604494592049e-01 5.972596714227916548e-03
3.354333195332996809e+01 1.840629543120615719e-01 8.041861513389708671e-02 1.912844335928955489e-02
2.290787587136298598e+01 7.747622288065662000e-01 6.264074793188399992e-01 1.731067318239663116e-02
2.765205589309750778e+01 8.494621406644987660e-01 3.190114403925518038e-01 4.254916525813109279e-03
2.321742806329731224e+01 5.307316134427100263e-01 7.710006531600598345e-01 1.102757218832082879e-02
1.100592315153734368e+01 6.632083575884599735e-01 1.903213860241388389e-01 6.031081163883214927e-03
2.807556394490784513e+01 5.346673082827387846e-01 2.132901251732362280e-01 9.160896988759785822e-03
4.721457552400413249e+01 3.597648477578068715e-01 2.240062287668704577e-01 2.493537851454008959e-03
2.098606711438988981e+01 5.077103303502354947e-01 9.074197450748661131e-01 8.579372587297821526e-03
4.963095572921135812e+01 7.295486726780906483e-01 7.389704406741675058e-01 4.676087603068930509e-03
3.635914492245989038e+01 4.982911286859257327e-01 9.058643008159460441e-01 4.005029753948353630e-03
3.189553500686530185e+01 3.284354448584497210e-01 2.787948918217590388e-01 1.756368056685271573e-02
3.175828320833598895e+01 5.989255102417138099e-01 3.780566255148584132e-01 1.082717417207789117e-03
3.580593440701699848e+01 7.069782087533007520e-01 5.584440650668142103e-01 1.851131683058549610e-02
1.985417468871171565e+01 2.390268641066181365e-01 9.825584850096739098e-01 7.152760244739864853e-03
1.550083802606617844e+01 7.647956208945320133e-01 8.954258099296220630e-01 1.926015990281496754e-02
3.194008377042224822e+01 4.049368128102676656e-01 4.446059887334637417e-01 8.026832479429745273e-03
2.901907109673772567e+01 8.069507035956712260e-01 5.752413785635737131e-01 7.526455483117963641e-03
4.634880532134347675e+01 5.341922741252751183e-02 5.238805701058295572e-01 1.567557578861002556e-03
9.508239219517443885e+00 9.735746983006469124e-01 8.020788697272982493e-01 1.297089477487640106e-02
3.900487171573510636e+01 1.631882434342159793e-01 7.974627491196845108e-01 1.010733843914243812e-02
1.294857154296878399e+01 1.735819489033817997e-01 5.787678464266441392e-01 8.731602943707755804e-03
2.838487381717360947e+01 2.686327321766965315e-01 5.003061845454629397e-01 7.043691792110354233e-03
1.160271290314063464e+01 6.569960068534147490e-01 5.568869909480361757e-01 6.750651235656702359e-03
1.654425027712127871e+01 1.409635071072656287e-01 8.034608771631442936e-01 8.927157787956550503e-03
1.356429941947015649e+01 8.596970413853244342e-01 7.293974937551721549e-01 4.874123497477638248e-03
1.104101572938926168e+01 1.088947006395729056e-01 9.700505737740464651e-01 1.443090529163001436e-02
4.915641364782450040e+01 7.767730131333676624e-01 2.415058930137741269e-02 1.841802941991374856e-02
1.638355517905655745e+01 3.910606503824703428e-01 6.377112315277856380e-01 1.196082653442989696e-02
4.018640764991248204e+01 7.873665002869540963e-01 5.859331889258320158e-01 1.796225188633295347e-02
3.273585095999730044e+01 8.010976114057375419e-01 1.451401489418808755e-01 6.163534209824043583e-04
1.999988405429092708e+01 4.020007779549139570e-01 6.014902420344209188e-01 1.978625313271499195e-02
1.471301456581812239e+01 2.156510651168490611e-01 7.114237247682876353e-01 1.638291715843332233e-02
1.603672453487242677e+01 3.205769651459317582e-01 3.796717145497876533e-01 7.074878290174883844e-03
1.766127683693616746e+01 5.979780384181394570e-01 9.571829932579976052e-01 1.475013124249734998e-02
4.498643444367820621e+01 2.419041554882208622e-01 4.609633189627986016e-02 1.238446285048700173e-03
2.656972034246279080e+01 6.958484946730948695e-02 6.855267828054129042e-02 1.830907708305171133e-02
3.544489146677813096e+01 1.526597011362227085e-01 3.974131432629667837e-01 7.135699217530375562e-04
4.633097267224620452e+01 4.692240986919908319e-01 6.073958876045381094e-01 1.770378766411841165e-02
3.092081924611076715e+01 3.710597285524102062e-01 9.426811652459416990e-01 1.770454883834722201e-02
3.282963084591516889e+01 8.803570788812354886e-01 4.476260206235349592e-01 1.454753746646484866e-02
1.882444020258180473e+01 1.780602165459935771e-01 1.672609389701639471e-01 1.453608328550805816e-02
3.733442930241371016e+01 3.732898045753448302e-01 6.447229254759145878e-01 4.138638463233935624e-03
4.951202477085522702e+01 5.032052561185058615e-01 2.996481540509560171e-01 1.610170172823256404e-02
2.511475311543271260e+01 1.585177778026981565e-01 3.207689045709812836e-01 7.395396848614423785e-03
2.526409475367286461e+01 6.688944647177943459e-01 3.731609619663230903e-01 1.847512890539949187e-02
2.707192792641556167e+01 8.043380702537201721e-01 4.867988860069729085e-01 1.854154063491043371e-03
2.191363166832664433e+01 3.341090248132977392e-01 6.575456053630609476e-01 1.874757322232106088e-02
2.386937480610705720e+01 3.668032896752068117e-01 8.954539701725868772e-01 7.338831004918666689e-03
1.310339952724273971e+01 1.447197800076634455e-01 6.327233511089441764e-01 1.435667362214051307e-02
4.022476191451845295e+01 5.859266975735255567e-01 9.714293676488504614e-01 1.603647619596203916e-02
4.380489390374717829e+01 1.685707513261474610e-01 3.247746329168222368e-01 1.556444508474951957e-02
3.587056563000102472e+01 6.225711128493726099e-01 3.484380312559087756e-01 7.701544665763865750e-04
3.808286791728737342e+01 1.191581026248635378e-01 2.210587193236545067e-01 1.718126774723947869e-02
1.443926822543999577e+01 1.870448113582020844e-01 4.502314093376302284e-01 2.178900100781196430e-03
4.759576318841538267e+01 4.343387099746064961e-01 6.557256548108411076e-01 8.761154287008876898e-03
1.098606937178280418e+01 8.066401112990081446e-01 2.428032666073647039e-01 5.501171655023636906e-03
4.800262860354062155e+01 3.560950313125582634e-01 4.610070547716663691e-01 2.339029981462968470e-03
3.667112203883111476e+01 3.202469304225262214e-01 7.958602418344757901e-01 5.748445279969524591e-03
1.933987237443510310e+01 8.274894177670603090e-01 7.391281851430153704e-01 1.641241027367585162e-02
2.727062612813127984e+01 9.508033585245385666e-01 3.374162332003858289e-01 1.453042032787486317e-02
2.945224617122684663e+01 2.185618606964784272e-01 8.607146403340243390e-02 1.684348029115922962e-02
2.454254158165770150e+01 9.801850377848275730e-02 4.581433286666620197e-01 9.097699999179373678e-03
1.324156789110025478e+01 4.726598008676106688e-01 3.937803852104787006e-01 1.331204498564714581e-03
4.730107157380992078e+01 2.940610109600458877e-01 7.990760050659703184e-01 1.559838365503266391e-02
3.741132513956221572e+01 4.932571011394105975e-02 3.073208200313126692e-01 1.487026947858936105e-02
4.302498474188027444e+01 4.903300279977777509e-01 8.593543783186159413e-01 1.190472330784485971e-02
4.119790509434544390e+01 1.620086736670616756e-01 8.993499467806596037e-01 1.808656216488919305e-02
3.966355165287518503e+01 1.579292724790987701e-01 6.398254947083032995e-01 1.299404753083634179e-02
4.724224829516259661e+01 5.219374657940799578e-01 6.189657331258404671e-01 1.899699927106232242e-02
4.325744520428872875e+01 9.399660553852469402e-02 2.230529243560220587e-01 6.566135526518915994e-03
3.496653482232196097e+01 6.050199906403121997e-01 6.698671646393742352e-01 1.310973592977051662e-02
4.200132110205522196e+01 7.060274701414950838e-02 1.411719549096885629e-01 1.101103297041043129e-02
3.187008417609770916e+01 2.675265855160262052e-01 6.733520544497813010e-01 5.902704767243267120e-03
2.036874565605454279e+01 8.760426537986352180e-01 4.740225138042480357e-01 1.134625269820013424e-02
4.636586413786554317e+01 6.746742611943526979e-01 6.433574898011483745e-01 1.525478537985296666e-02
3.808081653099137043e+01 5.343538403769764189e-01 8.246381491957615051e-01 1.298406236446060210e-03
3.613219697477440207e+01 8.879778417137541568e-01 3.568122790825402624e-01 1.759855956143455136e-02
3.696335958005139588e+01 5.112347724178665231e-01 5.379409890506092751e-01 1.389212099591533890e-02
1.160071013818082264e+01 6.443486187145179567e-02 5.452938758772433170e-01 1.611160617727558711e-02
1.708158807513965627e+01 5.248293630141265265e-01 6.047525466748606693e-01 6.372271580369485641e-03
8.722511890711844629e+00 3.161602287930901367e-01 6.581627894396103740e-01 2.155855605131761898e-03
4.953657075188444736e+01 4.178577269035823605e-01 5.566992772731800265e-01 5.962682993503313003e-03
4.203131970457880584e+01 9.974472717832443269e-01 2.979638259394020716e-01 7.492508512481857452e-03
2.562211976927395440e+01 6.978588202021908105e-01 7.282922183004263417e-01 1.074234817606087300e-02
2.394869023332973512e+01 1.326571740546931832e-01 9.165773689262747548e-02 1.836555017538116230e-02
1.661029350674933980e+01 1.340963042542301087e-01 8.355838784218907467e-01 1.288763019329722433e-02
1.616431185052711328e+01 6.855999229192889510e-01 3.071822637775937226e-01 9.281682232548485109e-03
1.189131013256813318e+01 4.463072278882299071e-01 3.551471815920253516e-01 1.746046900034332883e-02
2.186183024035338107e+01 2.643262767763192994e-02 5.007069855935650793e-01 1.624118155089387255e-02
1.660287952997997252e+01 2.830715720851726402e-01 2.168287792510528444e-01 1.898738556998831031e-03
1.512813734259869136e+01 2.718695791518893623e-01 8.166049344245842612e-01 8.176366278083742681e-03
3.541908689133693144e+01 7.593696528362036124e-01 7.527063987885127538e-01 5.278509598962911192e-03
4.406281436305477683e+01 2.932430285313336604e-01 9.378623263460813542e-01 1.324731675071660897e-02
3.134289974602561202e+01 8.858433784660365573e-01 4.364896142031030601e-01 1.783202125164247767e-02
2.292064472653038720e+01 7.294328468348558747e-01 2.690755889558648084e-01 6.167519817033728646e-03
3.837481853428069201e+01 2.920123661551185523e-01 8.891731205268633698e-01 5.552040623689911622e-03
2.922772756397336380e+01 4.559100501695079743e-01 9.872084191225600769e-01 1.079083941742767531e-03
1.296873629736208677e+01 9.501166547572751364e-01 2.712479688277606438e-01 2.447042947905225200e-03
4.346548157689407077e+01 4.341131257338302629e-01 4.937235180138017654e-01 5.703656192557320440e-03
4.918705986666989816e+01 4.876510345240558930e-01 2.804240289425044552e-01 1.264556774536163301e-03
3.769518797242386654e+01 2.701134941461374450e-01 5.468590230896023252e-01 9.427434489592958350e-03
3.741740553826441840e+01 2.510950931486521931e-01 5.907090584703967862e-01 5.277296186091582145e-03
1.570547912323081619e+01 7.526544402600555683e-01 1.133984044840997130e-01 6.189184350478717581e-03
4.190372609193930487e+01 7.183081878292896238e-01 4.701979424295066323e-01 1.254712864388588325e-02
1.567055648860031525e+01 4.498435635999024074e-01 2.491943965291031904e-01 3.516681015676340668e-03
4.583067246761874713e+01 8.233938090631478524e-01 5.363032568362154917e-01 1.173014344743873554e-02
4.266464732606358012e+01 4.253485510749193121e-01 6.946686449741351632e-01 9.120616787630061659e-03
2.213824191287485377e+01 1.166700390653828134e-01 8.159085424128875719e-01 1.878625655941510222e-02
4.818756369156605501e+01 7.338764184425095038e-01 9.623651596924167606e-01 1.487386263858890903e-02
