2.980794867416896032e-01 1.076566171970176677e+00 1.551485072569938062e+00 1.892208815247576004e+00 2.156654979877921985e+00 2.376974474670827231e+00 2.562918880770626018e+00 2.719129579587711731e+00 2.861680888672716527e+00 2.981813997781345815e+00 3.091093144268384219e+00 3.192832156298353041e+00 3.279844516153541445e+00 3.374805098540864634e+00 3.447576575024144940e+00 3.522150686021088273e+00 3.592765030179028152e+00 3.663664084554989042e+00 3.715068982785042273e+00
9.315687003656654142e-01 2.182739795249380332e+00 2.923433907782931218e+00 3.446507267298835941e+00 3.850648729340141241e+00 4.175254567704261177e+00 4.448891216590133979e+00 4.679414230057413526e+00 4.882722541987045695e+00 5.061579817573040430e+00 5.219857505706423595e+00 5.363281534151221663e+00 5.489754183273342747e+00 5.620943839116652185e+00 5.728129969893970497e+00 5.823559409525113750e+00 5.925866932819320532e+00 6.007818536665253006e+00 6.089369721672170499e+00
2.675011264946344003e+00 4.032679804208442853e+00 4.823761563057532342e+00 5.382342719089953320e+00 5.812085633219017389e+00 6.160551509777885570e+00 6.453510612282467029e+00 6.705341458463268012e+00 6.926972803726525463e+00 7.123577628181124943e+00 7.298661684903704483e+00 7.459071520667579058e+00 7.603660746961164563e+00 7.737218363497714080e+00 7.861686728257947898e+00 7.977972786052907495e+00 8.084248976487748095e+00 8.185430729410857253e+00 8.282005528248847170e+00
1.462553864434065654e+00 2.728396317162786300e+00 3.468673565588738406e+00 3.987581381242108591e+00 4.382477151932600457e+00 4.700429745109914847e+00 4.963376394468096642e+00 5.189851578027705692e+00 5.380573638089892086e+00 5.550054862622399554e+00 5.703217097848563455e+00 5.846956419780140024e+00 5.964797354898466963e+00 6.071423433915414947e+00 6.181839109037315261e+00 6.278986150956706425e+00 6.373082926573386153e+00 6.454056970166294427e+00 6.524091925384409407e+00
-5.103499663844011103e-01 5.220613433540949311e-01 1.156248704623351164e+00 1.612915270243590715e+00 1.964488783612171607e+00 2.249385767055410490e+00 2.496944889875845952e+00 2.697979475242420211e+00 2.869685778941847065e+00 3.024580828773836494e+00 3.174787022513902102e+00 3.291877320301556775e+00 3.405423922919359914e+00 3.510637450737227994e+00 3.614182343432251088e+00 3.684853630106964761e+00 3.778179459474549251e+00 3.855286908424363723e+00 3.930140762422619005e+00
-2.994878460392068065e-01 5.119910202551299916e-01 1.009047457438934092e+00 1.372997212172040626e+00 1.663160767526906447e+00 1.892125940977665843e+00 2.094468265254478379e+00 2.264217075080777963e+00 2.413521187012808600e+00 2.549494737946551126e+00 2.671667070223931351e+00 2.777023612047768708e+00 2.873357624786958109e+00 2.963517105122615014e+00 3.047614526605996854e+00 3.118831632068465698e+00 3.194548398334288386e+00 3.260039005482176400e+00 3.340541228914144511e+00
6.739800102494079015e-01 1.718330288898429092e+00 2.348294340838684491e+00 2.790753988867411994e+00 3.132831059090610548e+00 3.407047939213386112e+00 3.629465061221324618e+00 3.833765419894659132e+00 3.991777700226817771e+00 4.141075109577654345e+00 4.262676473734614113e+00 4.382103260723485327e+00 4.481466464032177299e+00 4.593351105645595567e+00 4.671074942039521005e+00 4.756508815970756032e+00 4.838763502792160942e+00 4.894410696301475738e+00 4.970545546082161259e+00
1.101548366126741119e-01 1.275121774436874134e+00 1.953675330153468837e+00 2.427158479308251238e+00 2.784141158771058500e+00 3.062492428085253238e+00 3.296167326069089132e+00 3.492449925167040448e+00 3.668391314592288843e+00 3.815557516576300490e+00 3.928154291104612117e+00 4.056567288931559823e+00 4.154937763135724715e+00 4.255553341341603790e+00 4.338542757881876710e+00 4.427298905047292621e+00 4.496487180240630543e+00 4.571750377233112950e+00 4.652496337530205750e+00
1.335967699927483210e+00 2.647267128442207351e+00 3.427949058504791147e+00 3.985257995560248734e+00 4.417994857744824699e+00 4.771827779214432574e+00 5.070287012242429725e+00 5.329725868591928872e+00 5.556983240420729331e+00 5.760241908925246790e+00 5.943551707759997527e+00 6.111001296073377276e+00 6.264617768492424688e+00 6.405548512030604158e+00 6.537217956062181479e+00 6.660193899933951833e+00 6.775540503186948449e+00 6.884042707767044078e+00 6.984965121541363509e+00
1.120821022132823253e-01 1.270750402925335809e+00 1.969954064851191511e+00 2.467138077822648601e+00 2.852654854970772202e+00 3.164415822205366435e+00 3.422230742113181456e+00 3.644139636662274473e+00 3.834797247517010899e+00 4.007789252204117858e+00 4.159204058552029792e+00 4.298127868327878076e+00 4.415361392871690605e+00 4.522928292827182339e+00 4.635848834697144483e+00 4.733979221534420745e+00 4.815939295024549871e+00 4.907217799936979929e+00 4.985714079059166082e+00
2.641130496844812381e+00 3.978952342529345376e+00 4.763000269201474346e+00 5.316806593516878010e+00 5.742769373985978199e+00 6.090515752116541393e+00 6.382119133020402124e+00 6.632268126957835186e+00 6.852394853093190186e+00 7.044858145734460564e+00 7.220521220905992799e+00 7.381061428201359575e+00 7.522628539169472717e+00 7.657805792883102036e+00 7.779625644384527305e+00 7.893543590022781054e+00 8.000076853105289487e+00 8.102335483623212653e+00 8.195030847278273356e+00
-4.235584955498855608e-01 7.574581923953240814e-01 1.450740755155425443e+00 1.931907677777956689e+00 2.292673088857926089e+00 2.588586396209729745e+00 2.819006155455030527e+00 3.016642463598760759e+00 3.211285657853407471e+00 3.348057825767271733e+00 3.487105649045495692e+00 3.622604481454355874e+00 3.725836203380653355e+00 3.802011639301745127e+00 3.920040516404764919e+00 3.998947497353783742e+00 4.079477586435086955e+00 4.170264375331163009e+00 4.198860906381576719e+00
3.422688610121073505e-01 1.104614585536264126e+00 1.566736081293908844e+00 1.897714484136829194e+00 2.156193161212915932e+00 2.366515906585153761e+00 2.545407139315367218e+00 2.698895436118728952e+00 2.828046912482139241e+00 2.952991304603259870e+00 3.058444520221748952e+00 3.149503918279303427e+00 3.244898398463524014e+00 3.327054055931127241e+00 3.400933323784919082e+00 3.475410062511905984e+00 3.546725424599617593e+00 3.600097970041399087e+00 3.657282925047386168e+00
1.879149429220303036e+00 3.171175009021867552e+00 3.941093030919396334e+00 4.490315102416253090e+00 4.917185173517751196e+00 5.263714366283302581e+00 5.557532824107068947e+00 5.809359892644007317e+00 6.032144294313734001e+00 6.229313406357288585e+00 6.408410232676538421e+00 6.570850588032401518e+00 6.720454136578907445e+00 6.855126331936276962e+00 6.982757541394752465e+00 7.100086727020467947e+00 7.210425744589524122e+00 7.313537442509606912e+00 7.412286862860840486e+00
5.165037121749922466e-01 1.381251584089216555e+00 1.909256649460231436e+00 2.291675699740522543e+00 2.586208006733888620e+00 2.827067937603327863e+00 3.027027177596877117e+00 3.196351349295929456e+00 3.349629357107346550e+00 3.470396499327515372e+00 3.600081385187168692e+00 3.702219424750777588e+00 3.801205843406516127e+00 3.887313818002267052e+00 3.967873771738251065e+00 4.046094761376417992e+00 4.111684496861019333e+00 4.186424003914236636e+00 4.245975367479189799e+00
6.107730163656203137e-01 1.836568675886183000e+00 2.575088542257904400e+00 3.103467576099094849e+00 3.512567392826590584e+00 3.846676802105537529e+00 4.125278190796789701e+00 4.367176434681821817e+00 4.578607723697816212e+00 4.767312996415172144e+00 4.934532503007246440e+00 5.086891168482356562e+00 5.225623453308261723e+00 5.355358515144384768e+00 5.473721887137546815e+00 5.584905283918198293e+00 5.683791366262858524e+00 5.781390699112387566e+00 5.871766837879582646e+00
6.750699366495324094e-01 1.983153598848604204e+00 2.737826217189391897e+00 3.261839927018753915e+00 3.660692186821555616e+00 3.981294281488288345e+00 4.248473100330612873e+00 4.466762469096970278e+00 4.667053731263803407e+00 4.838304362021673910e+00 4.983671346074640240e+00 5.126240628846662872e+00 5.242868746324353069e+00 5.355277138222517941e+00 5.455225353389693943e+00 5.549709657964415399e+00 5.647183508013449149e+00 5.720891430306497938e+00 5.794204610699389413e+00
5.986893455222078719e-01 1.537290157739625851e+00 2.136850644164647317e+00 2.583320142094945648e+00 2.937620564239637577e+00 3.236242997128055521e+00 3.492979056745405320e+00 3.716111558077165977e+00 3.916730165495151184e+00 4.090242400802611478e+00 4.251338225683677585e+00 4.405850999590889217e+00 4.539703531517073287e+00 4.667933940271741911e+00 4.786650714338024137e+00 4.897403451585234713e+00 5.001249874598680201e+00 5.095029150453658673e+00 5.180404866842277301e+00
2.939960299525147258e-01 1.372151709771795458e+00 2.020128159309887206e+00 2.481713516142216580e+00 2.829373581688640282e+00 3.115488441556824917e+00 3.349315417574548093e+00 3.549486076578391103e+00 3.719708608028381658e+00 3.875801291365815082e+00 4.008182536940308793e+00 4.128282050908491208e+00 4.226295271012218357e+00 4.339852602325366071e+00 4.421950833610243770e+00 4.519024445931278500e+00 4.585187987109183183e+00 4.653556160118257345e+00 4.721883314051269487e+00
2.432897965697469633e+00 3.776008750977036144e+00 4.551590150678904934e+00 5.094556142292366197e+00 5.506722020605593571e+00 5.844095005748643601e+00 6.119667585998343817e+00 6.359412991173938323e+00 6.566064291845035150e+00 6.746918205959040016e+00 6.911938778679424189e+00 7.060671194818694651e+00 7.195853900356834032e+00 7.315883436449047039e+00 7.428789451810617450e+00 7.530830145771466810e+00 7.633427595909449970e+00 7.721799829217038003e+00 7.801779517471175929e+00
4.728801710385241996e-01 1.708296179576703322e+00 2.412009815180892858e+00 2.894020638208306018e+00 3.266778995567281019e+00 3.549747551352293140e+00 3.782636843765448287e+00 3.985379470055527396e+00 4.170459263333884614e+00 4.317080736904270744e+00 4.436308856229525865e+00 4.551266427720776164e+00 4.643184082788296863e+00 4.753650032841178152e+00 4.845677815358529372e+00 4.941696026359671201e+00 5.015740433473758308e+00 5.072033688814093111e+00 5.142602515731701907e+00
1.769617152782623881e+00 3.095021666252331993e+00 3.879863784623321266e+00 4.437629354639941681e+00 4.870592432991199594e+00 5.223169358636543969e+00 5.518981338877824605e+00 5.777788077804703271e+00 6.001993093683661407e+00 6.205799343755484365e+00 6.386558231912060180e+00 6.551612863875794446e+00 6.701768184164694553e+00 6.840619321376920858e+00 6.971485155458160499e+00 7.091479303433448678e+00 7.201792089143748576e+00 7.311045052206625705e+00 7.409811128845107397e+00
-3.789248159039202424e-01 8.932464794177815692e-01 1.614025327630939310e+00 2.113433374078447446e+00 2.479784409807667345e+00 2.772254045652749355e+00 3.019634898363317888e+00 3.221749182145070112e+00 3.398076067110894272e+00 3.550561319711582620e+00 3.692601936464237955e+00 3.798832745441433900e+00 3.918971311507500221e+00 4.023438555054847043e+00 4.115181181838686975e+00 4.193603102832123675e+00 4.275472734586482026e+00 4.333671935290625221e+00 4.412587799061178373e+00
3.737166196619139402e+00 5.108806451333864018e+00 5.908387036246270263e+00 6.472885706358892932e+00 6.909253820618555864e+00 7.263851561821176084e+00 7.562482493985369203e+00 7.819299587674144014e+00 8.045409715575726040e+00 8.246623499515058242e+00 8.428108689477250337e+00 8.592166404402405533e+00 8.741912454097889196e+00 8.881476503213141527e+00 9.010350071250318393e+00 9.127419769343275036e+00 9.241384672124913990e+00 9.347422759301705852e+00 9.447585707520911313e+00
1.731473247078865629e+00 3.043440996838803869e+00 3.796654097205791611e+00 4.320193187070747065e+00 4.718671563612322650e+00 5.034420982604397743e+00 5.294766629527506652e+00 5.520853116299002217e+00 5.715460034387678689e+00 5.884158280659270268e+00 6.035793625811690433e+00 6.173545399920086219e+00 6.290398901449514746e+00 6.401437384636942340e+00 6.502256561776674992e+00 6.603737898819851182e+00 6.691538506638902817e+00 6.764810298692244928e+00 6.849428026679866832e+00
4.060275000563522974e-01 1.519008098533459972e+00 2.202750860964841184e+00 2.696912857262864893e+00 3.079567801451132070e+00 3.395442633113650022e+00 3.651835976570718678e+00 3.883181893196841816e+00 4.082904218628600646e+00 4.265134591775140649e+00 4.418077089414300218e+00 4.560237803625467379e+00 4.689143428104138422e+00 4.806136293933272796e+00 4.917072844266199283e+00 5.023304218465912463e+00 5.121416825560832997e+00 5.213276272828146318e+00 5.288175510769292487e+00
5.777994396252428277e-01 1.501940575199259609e+00 2.065403266706342666e+00 2.468677255354132072e+00 2.782490754908141461e+00 3.036438184048956046e+00 3.243007570016571250e+00 3.424592975603069522e+00 3.573571982645839196e+00 3.711456168081120222e+00 3.838702764147733149e+00 3.949303702008225336e+00 4.048180809817065295e+00 4.134197577570109416e+00 4.214037705776997100e+00 4.288468565513062991e+00 4.362857963597368105e+00 4.435846640989319134e+00 4.486142596743978750e+00
1.104127135543150562e+00 2.426108025619434283e+00 3.192969543924797371e+00 3.731723147257187900e+00 4.141629046321662955e+00 4.474037189657841473e+00 4.750047501353064305e+00 4.985424251785842031e+00 5.190538567619015886e+00 5.372002388862032518e+00 5.533802213205186504e+00 5.684099307141769586e+00 5.813365140185425162e+00 5.932311232985501448e+00 6.036574049047575663e+00 6.142181404817417700e+00 6.237225194672536333e+00 6.326948892596584884e+00 6.414043370222304752e+00
2.226044173641586466e-01 1.192541944024515077e+00 1.803363240976703308e+00 2.256659859289566583e+00 2.613993587210141190e+00 2.909724435410484311e+00 3.162996777878657184e+00 3.381876823754756511e+00 3.574307013393851928e+00 3.746358951457351427e+00 3.897958292639682298e+00 4.041342670647551927e+00 4.166234984958330223e+00 4.289378359449307787e+00 4.394161732275179588e+00 4.501678365626504252e+00 4.595335077905065013e+00 4.683404443497701131e+00 4.767422597090870795e+00
9.739015422472661054e-01 2.253812816397973151e+00 2.999654259577540838e+00 3.522556228254789090e+00 3.921786807218909487e+00 4.241474628045362572e+00 4.511676747993876191e+00 4.735383620413913697e+00 4.932993816279892307e+00 5.103143998267015036e+00 5.262378591085904667e+00 5.397168455075512128e+00 5.524149387352374596e+00 5.649300847827889882e+00 5.751250817078676469e+00 5.849256691053550838e+00 5.929757225154081546e+00 6.015243430728597573e+00 6.101995280123660770e+00
1.597315877065685230e+00 2.837883962138979754e+00 3.583029621991184577e+00 4.115188273102738492e+00 4.528454441092095273e+00 4.863959497983469937e+00 5.145036229352543344e+00 5.389236132910073529e+00 5.601930898332979858e+00 5.790906970959983191e+00 5.960206857178752315e+00 6.114388243981136561e+00 6.256668416626676610e+00 6.384588531464679306e+00 6.500912491784886171e+00 6.615701013839303535e+00 6.716898487477633850e+00 6.815049496957448660e+00 6.905195016475753178e+00
-2.764992725614254798e-01 9.388529526823824467e-01 1.661807483403725305e+00 2.171912880926173628e+00 2.563498612051302583e+00 2.882102865620176146e+00 3.141293429527912906e+00 3.367427156778032060e+00 3.562629828998922665e+00 3.728568701219793891e+00 3.888197201155173754e+00 4.018861857383422276e+00 4.149658918746204961e+00 4.260562604772746731e+00 4.372530190323332455e+00 4.471927068758367874e+00 4.559524182332570952e+00 4.638886120528245449e+00 4.727759959725852390e+00
5.663274576711121444e-01 1.788263872952517541e+00 2.533642033666426485e+00 3.071298249086784171e+00 3.491544237574804921e+00 3.835482222451236378e+00 4.129213428034852917e+00 4.381324047304977043e+00 4.604494199866530302e+00 4.803777752504449161e+00 4.983412854935417080e+00 5.147688642298962947e+00 5.297207044310853874e+00 5.438208778765045714e+00 5.566219908590646526e+00 5.687949085875016131e+00 5.799100529935998338e+00 5.905940836817195283e+00 6.006459989800753796e+00
2.801439051075122477e-01 1.256085569994503937e+00 1.874465557347673839e+00 2.333155671105677342e+00 2.697815545164309103e+00 3.001748295373579456e+00 3.259775376925529322e+00 3.486269303958572596e+00 3.685666495102469575e+00 3.862867270378215423e+00 4.023578777200997436e+00 4.173131709973116443e+00 4.309761397708327557e+00 4.433491291228835784e+00 4.549854172844495004e+00 4.661083539627720818e+00 4.759231557280723557e+00 4.859011728555209686e+00 4.945606823707809241e+00
4.931426118212193233e-01 1.429393553134696182e+00 2.004781817135939725e+00 2.420317896456060325e+00 2.741807004364054112e+00 3.000527629083301395e+00 3.209030151915272633e+00 3.403262854289619277e+00 3.568623264439255482e+00 3.714097938148871680e+00 3.822465860116997405e+00 3.943000479606391107e+00 4.054876698226062892e+00 4.161205940333040587e+00 4.244050438109537637e+00 4.325375391888713672e+00 4.375641839772791641e+00 4.469729395075529688e+00 4.528835858880643883e+00
-4.213018043245331801e-01 3.397325241154627307e-01 7.945830327470311261e-01 1.125956140853664245e+00 1.379537091536404247e+00 1.588078165635035788e+00 1.765773223831714311e+00 1.913785151567685361e+00 2.044285985098776681e+00 2.159138132793387843e+00 2.263662765678989608e+00 2.363037349684251609e+00 2.439236290328955281e+00 2.540056255070271440e+00 2.606075571581953021e+00 2.670940613520258466e+00 2.734907311173110589e+00 2.794479909541049967e+00 2.855009950654494588e+00
-8.054187345086041283e-01 5.042514172252404725e-02 5.825036743852134435e-01 9.726931881872911134e-01 1.283426214324038916e+00 1.534224184659522594e+00 1.746260079232426099e+00 1.935008960771882780e+00 2.101592742501358302e+00 2.242996293971441180e+00 2.373901132977388251e+00 2.493419048177184294e+00 2.608227167879136665e+00 2.694778226181534286e+00 2.788173451634047062e+00 2.878996130516469076e+00 2.943274622183221556e+00 3.027472600290893823e+00 3.093814596451208487e+00
1.931818372949024032e-01 1.192157121843280487e+00 1.792856988792475459e+00 2.216471984400125272e+00 2.537135369123819650e+00 2.797339557789990661e+00 3.009185757848647391e+00 3.192528218928815775e+00 3.347691099103458967e+00 3.481064684950352373e+00 3.609779454298260415e+00 3.718018451437687055e+00 3.819794322761422389e+00 3.912175996939353251e+00 3.986488872922220317e+00 4.059648036141163985e+00 4.144201677083421131e+00 4.213966798340988973e+00 4.267327683813950223e+00
1.004881365616618005e+00 2.172698387770883421e+00 2.853616609645666102e+00 3.315546449022753528e+00 3.668773871910252726e+00 3.952872698865134371e+00 4.180866330377325468e+00 4.363779656592852163e+00 4.540837151634406155e+00 4.680462817893078942e+00 4.814435556578398945e+00 4.933183246086081830e+00 5.017976379589570435e+00 5.124323719950261591e+00 5.211958531272363082e+00 5.281787797845082899e+00 5.361484438624928295e+00 5.422627527462292818e+00 5.486704656108203793e+00
1.166856771569435125e+00 2.402060785990573155e+00 3.145238001871522471e+00 3.675141868450256144e+00 4.085337705448077728e+00 4.420039802947836272e+00 4.702663887736809656e+00 4.941947414638892866e+00 5.153956723904641102e+00 5.342759226783456050e+00 5.510046047527286994e+00 5.661037678501335435e+00 5.805753964181384674e+00 5.931422885138964318e+00 6.048433585119553868e+00 6.154451618044332051e+00 6.255292345288138378e+00 6.355653216105983994e+00 6.442908368090939142e+00
1.294587346782905879e+00 2.559642428119748736e+00 3.305218493986743056e+00 3.832525081910755027e+00 4.237042411535665742e+00 4.564594805124507104e+00 4.835818970340237222e+00 5.069505827460479175e+00 5.272133449827833829e+00 5.450178984293314599e+00 5.609295986084749330e+00 5.755098338241011469e+00 5.881976044180643015e+00 6.009090591822038974e+00 6.117842830556635469e+00 6.227672283783590501e+00 6.310830517899246317e+00 6.404984382104008667e+00 6.480013102582237394e+00
3.010275189702129595e-01 1.096380025758299626e+00 1.582988445863510840e+00 1.932747609682474943e+00 2.209447231857885718e+00 2.435845636117965007e+00 2.627034038943544036e+00 2.788438037010074755e+00 2.934928030187526016e+00 3.065431932296971862e+00 3.180246784834678930e+00 3.278413388788026683e+00 3.380739714123243811e+00 3.463775770422620859e+00 3.548783268944221803e+00 3.616206967190686239e+00 3.687687900720530543e+00 3.756591866358054865e+00 3.804986771330287176e+00
9.921393480787860097e-01 2.107108675318752677e+00 2.772931814085632052e+00 3.241735095192261440e+00 3.600223633411838708e+00 3.887132792729671493e+00 4.125547591604794562e+00 4.320037785768304772e+00 4.497033663861158104e+00 4.642994743427898641e+00 4.779639537263054017e+00 4.908719013023596922e+00 5.024554398089838614e+00 5.120760905002541108e+00 5.202944070253898268e+00 5.292071474639620021e+00 5.370831828823090959e+00 5.449855327490046086e+00 5.506375892591980126e+00
1.061538084163028861e+00 2.407365982666147985e+00 3.193371366225534747e+00 3.748122191377730950e+00 4.176218856832518256e+00 4.521918882401859463e+00 4.813314029835519925e+00 5.063210854608140465e+00 5.283203717603258909e+00 5.477486195492684118e+00 5.654327500218519376e+00 5.808465143965679367e+00 5.956430282156121692e+00 6.088046148958518700e+00 6.213783926042923511e+00 6.330059894480363880e+00 6.434146172432112287e+00 6.534524068184831336e+00 6.628880206097658601e+00
-4.368590824769784664e-01 5.840717384946267909e-01 1.194547466443873551e+00 1.625824161387996458e+00 1.950973649212197181e+00 2.213041401713118361e+00 2.429248755539293203e+00 2.617095597199955659e+00 2.777140216472840706e+00 2.906752474942805531e+00 3.033564432267490396e+00 3.149545537220180602e+00 3.248685485734434053e+00 3.332322442734820811e+00 3.427251252710004081e+00 3.502973225128193757e+00 3.567743790764908773e+00 3.633913175123136607e+00 3.700504437326115337e+00
-2.395063031475310258e-02 1.141581432079710856e+00 1.814920923440464406e+00 2.277624903808138868e+00 2.622847265205618061e+00 2.906585010906374666e+00 3.131588663094480030e+00 3.316378457411741643e+00 3.479490896486962637e+00 3.621910728774600408e+00 3.745038342080648341e+00 3.868970195721210370e+00 3.957106949048487365e+00 4.059942425164914326e+00 4.152053827734793146e+00 4.221288971345890317e+00 4.309147459290435300e+00 4.357018609924850239e+00 4.427671970894656361e+00
2.977214804393168435e-01 1.029526332958517143e+00 1.466870367118543683e+00 1.781583139896711465e+00 2.025178818150958016e+00 2.231165658859677769e+00 2.402488119823789070e+00 2.550754976163064569e+00 2.681204127661409586e+00 2.797981811083697146e+00 2.901570074118487774e+00 3.001167167305417216e+00 3.091170584974465729e+00 3.173507966864690388e+00 3.244794166025326110e+00 3.315239890618872920e+00 3.382107070414660299e+00 3.452159022635493901e+00 3.505516755859678479e+00
8.555740674675169632e-01 1.881398032406742526e+00 2.510384307226700251e+00 2.959258628358486298e+00 3.308808185689911419e+00 3.591072290857956428e+00 3.825546971047911970e+00 4.021182625843767511e+00 4.192392428796771320e+00 4.354563513154695364e+00 4.484547228593619650e+00 4.612251313133493902e+00 4.719399070597061652e+00 4.819216246010182836e+00 4.912479798254286045e+00 5.006661686630329733e+00 5.081660024847771240e+00 5.165813419842511856e+00 5.227995965200516792e+00
-1.078857192808868083e-02 1.248896377437681782e+00 1.978200807621637747e+00 2.490544720617172914e+00 2.873590715190322165e+00 3.181650272629788834e+00 3.444365054108593061e+00 3.661843877222449972e+00 3.834183797363931223e+00 3.999476068504474124e+00 4.156376772986429380e+00 4.276899470294848626e+00 4.400970954420799330e+00 4.503120584060916087e+00 4.611407166123015600e+00 4.700981960715997054e+00 4.786182939378880619e+00 4.868745615489335599e+00 4.929337781639770100e+00
-1.751570831044602372e-01 5.356041699161655512e-01 9.549015504673574739e-01 1.256545236625605577e+00 1.492139284743666749e+00 1.685813303618747927e+00 1.848592028064003356e+00 1.990211163378954762e+00 2.119055926000971368e+00 2.233730742373101652e+00 2.329042292433030514e+00 2.430470069719993464e+00 2.510577111557098284e+00 2.590270080832083988e+00 2.661613653861892193e+00 2.734999597829106843e+00 2.799144470227745707e+00 2.861661411904615537e+00 2.921733408489292749e+00
5.244557439963339895e-01 1.672585796375666733e+00 2.348820617185823245e+00 2.818833038302586136e+00 3.171985938310636133e+00 3.464873825466886714e+00 3.690153209089694464e+00 3.895328102015580107e+00 4.062469536792725933e+00 4.207154646857179436e+00 4.345569410918050934e+00 4.468101512372446571e+00 4.572198690979567992e+00 4.670010427001824560e+00 4.758058551845977036e+00 4.841534758552354489e+00 4.907958890373915750e+00 4.988429025200204592e+00 5.056808061591058667e+00
-6.332362077054731753e-02 1.194941708848985540e+00 1.906841500960688274e+00 2.392895350634165919e+00 2.759183203675655616e+00 3.052119952292950522e+00 3.286264540078757790e+00 3.483983756114391817e+00 3.655759760958422255e+00 3.801979554707919817e+00 3.936511405381553086e+00 4.045372437569634272e+00 4.162278559127966737e+00 4.270724260811698869e+00 4.343586010364411720e+00 4.443320909169194977e+00 4.497269590675951001e+00 4.569451165569625495e+00 4.634814853120950318e+00
3.184871592956757813e-01 1.309004078073766175e+00 1.916401123593695299e+00 2.352349985268868515e+00 2.689426498894698980e+00 2.964091869344837260e+00 3.187185957941236936e+00 3.384219661185484895e+00 3.550809719044331292e+00 3.702043691859049801e+00 3.836573657153721228e+00 3.945643948306118087e+00 4.053937519807394807e+00 4.157228116272231766e+00 4.251645626796523025e+00 4.332549803428434210e+00 4.419580330155315373e+00 4.482747955949297314e+00 4.550958128610031572e+00
1.664230699095169408e-01 1.389763055704061223e+00 2.086526071875345334e+00 2.561489702377156341e+00 2.917509731344963164e+00 3.207815968191287670e+00 3.433099066246195541e+00 3.625478248716166529e+00 3.802469705159258861e+00 3.947502160645311342e+00 4.071198199649057159e+00 4.189914438976161115e+00 4.295360895117322997e+00 4.363224050706461021e+00 4.476845798123530784e+00 4.546471929894969399e+00 4.625224852786799623e+00 4.693926318444696655e+00 4.788159611970987939e+00
1.063180805112976302e+00 2.303610277402347695e+00 3.034399981615478747e+00 3.544948511430769944e+00 3.938924006464544547e+00 4.253414059748176435e+00 4.506961256149724981e+00 4.733380506919215414e+00 4.926225289689456055e+00 5.093114518789954026e+00 5.249373273282109231e+00 5.380916543614588932e+00 5.486573314490636122e+00 5.619690164977534153e+00 5.711747305947999287e+00 5.800294765845849909e+00 5.900483845348262868e+00 5.974454255936193725e+00 6.079399954268493111e+00
1.463106649105883728e+00 2.813244448172251388e+00 3.594364275422666122e+00 4.141624885726359118e+00 4.558544752312770676e+00 4.898682124897726808e+00 5.179769644997156419e+00 5.422847946104739414e+00 5.632062823905508608e+00 5.814441578594151672e+00 5.986272575993296208e+00 6.129634949880013117e+00 6.270213164280402651e+00 6.394357558223973115e+00 6.508786182144882915e+00 6.619487971029677453e+00 6.709962719910127937e+00 6.808304326617901303e+00 6.892508585643146723e+00
2.586566211976020768e-01 9.852900989953921052e-01 1.422219064716793824e+00 1.733034530242091975e+00 1.979493388326302394e+00 2.181717251538785263e+00 2.349572174591872731e+00 2.502550741739604234e+00 2.633640928552421379e+00 2.752863703455859845e+00 2.856130192436893811e+00 2.954124606232248151e+00 3.044646718453290379e+00 3.123609576147238442e+00 3.198370439737249438e+00 3.262409024125976664e+00 3.343008828119740539e+00 3.402679463301630403e+00 3.460861237645650235e+00
3.446985398272477408e+00 4.814436571052914893e+00 5.614924511488115222e+00 6.182177929967120456e+00 6.620788349623992985e+00 6.978485249270520718e+00 7.280242612549598036e+00 7.540949519847135463e+00 7.769909008516627580e+00 7.974600421299459008e+00 8.158841322862413037e+00 8.326281613255765990e+00 8.480795168416463525e+00 8.622489757536508037e+00 8.754358520194978510e+00 8.877365576343134279e+00 8.991873568296673724e+00 9.102532386403208164e+00 9.203285793988840169e+00
1.195619899408721237e-01 9.275355276053722786e-01 1.417425679112226611e+00 1.777471060610769094e+00 2.058886583863711373e+00 2.284804252033034278e+00 2.481964960893553673e+00 2.650506148693384301e+00 2.783169690937810969e+00 2.933728863081824123e+00 3.045127655993968840e+00 3.127886532566347633e+00 3.230596034736894939e+00 3.321722210760257088e+00 3.393250860186665108e+00 3.483128109348761825e+00 3.528026532977787344e+00 3.572314486254332344e+00 3.664468657229373871e+00
3.432829608044098979e-01 1.363047652028681833e+00 1.982711980903055782e+00 2.429096341975113482e+00 2.767929195237239348e+00 3.042817247067673758e+00 3.275396645052208289e+00 3.471134028103528557e+00 3.653594041890506183e+00 3.790050088652087368e+00 3.915542996315999336e+00 4.035556033804974518e+00 4.157154988857351796e+00 4.245888163446050356e+00 4.369841480817517443e+00 4.411233655561174416e+00 4.493484150762865781e+00 4.597061558379189172e+00 4.656640217842199725e+00
6.812865498880368298e-01 1.670030612289748362e+00 2.289576949816684692e+00 2.744086307054313778e+00 3.101732470741455305e+00 3.394589543768454565e+00 3.642961365043699828e+00 3.859466518110362898e+00 4.044008989783922203e+00 4.218203227642769448e+00 4.369073039595883223e+00 4.502015140911867164e+00 4.624524744597539261e+00 4.745072453957401848e+00 4.850701156843318707e+00 4.942981412859567492e+00 5.039128392357573816e+00 5.126316531022487410e+00 5.207479926707543783e+00
8.192912876973014458e-02 1.291058316273598905e+00 1.996593681862317116e+00 2.487542464613079485e+00 2.862453081760956142e+00 3.163740620001473935e+00 3.412051899598862903e+00 3.614467320819304774e+00 3.793115831606322264e+00 3.949338539103809165e+00 4.089983937709460449e+00 4.229432941051444850e+00 4.327717719653962014e+00 4.453449597423841944e+00 4.534440377749999307e+00 4.634054929228208053e+00 4.691544404228110920e+00 4.756834570830699604e+00 4.833341880829728154e+00
1.304903941613458684e+00 2.465814010084897312e+00 3.139953610565730635e+00 3.601698253128856830e+00 3.949992261271235261e+00 4.227386610038612602e+00 4.446855117449788786e+00 4.645810847289467915e+00 4.810881302341398325e+00 4.950220416892528341e+00 5.075609313040258641e+00 5.197541044916191844e+00 5.295823340990005512e+00 5.388247768122114145e+00 5.466056627781550326e+00 5.566332059222248496e+00 5.634321450147147914e+00 5.695809291858393131e+00 5.776956683305602525e+00
-4.628067978418506367e-01 6.215143907432257864e-01 1.276561330417181228e+00 1.739960743394025400e+00 2.093746435384221893e+00 2.381523936505246741e+00 2.607355088853919423e+00 2.810517629543396900e+00 2.981030737275967901e+00 3.146136621125679156e+00 3.273028339480399840e+00 3.399084310724941993e+00 3.509050891442409448e+00 3.607236946387433640e+00 3.697825615061769877e+00 3.769700937945654751e+00 3.866516386142157202e+00 3.928537282902639483e+00 3.989674540693330940e+00
9.812773247858794790e-01 2.211008724289088345e+00 2.929641411511504145e+00 3.424237694725677184e+00 3.804597553986284630e+00 4.107716767972400262e+00 4.359529832001988403e+00 4.568258559944755604e+00 4.747498430602855812e+00 4.917388244284691901e+00 5.056678537841798438e+00 5.187484415197291199e+00 5.301271376851373063e+00 5.390960011219029013e+00 5.484720014201889704e+00 5.571169486161626772e+00 5.669544628539286535e+00 5.746496884711486786e+00 5.826064497790611973e+00
2.329444817145426561e-01 1.257486051970556407e+00 1.891036953539387389e+00 2.351397383025547683e+00 2.707218934804085375e+00 2.992278884783033277e+00 3.240646450823871483e+00 3.451951894221283013e+00 3.620882507175303466e+00 3.790799965881111344e+00 3.923284219194572042e+00 4.052721145287689453e+00 4.159208927775760678e+00 4.276365336398083805e+00 4.377787540184852944e+00 4.468497759379006951e+00 4.553446394865698466e+00 4.640006357406785575e+00 4.685169097491383106e+00
2.286043903861584847e-01 1.314568633845934365e+00 1.960531218587948210e+00 2.411791587726884067e+00 2.754666245296271576e+00 3.028349929656675599e+00 3.255347003171574105e+00 3.450596545120052205e+00 3.617217019286500079e+00 3.753141801940395261e+00 3.885987165821641387e+00 4.004300657351871351e+00 4.104649183247206068e+00 4.212247080350602246e+00 4.287758109849875154e+00 4.376654656943602006e+00 4.446132033164604813e+00 4.520524473163990642e+00 4.583558255980785034e+00
2.971460027076540111e+00 4.321403057217913179e+00 5.111350070581933025e+00 5.669818991335386471e+00 6.100790543754880169e+00 6.450001354111348562e+00 6.744818835073411734e+00 6.998602930207726835e+00 7.220042074503931318e+00 7.418724338332723711e+00 7.594852211539705245e+00 7.756766105846997661e+00 7.904580105845349536e+00 8.040650213862518214e+00 8.165579565191839251e+00 8.281481456820895204e+00 8.390399353530403559e+00 8.489580989669828881e+00 8.588098834119168856e+00
1.058474469290735076e+00 2.167954609735339933e+00 2.840204568597138657e+00 3.320101775293790247e+00 3.689750182278509705e+00 3.986261688849122464e+00 4.240275707658725857e+00 4.451672798174893586e+00 4.635257086408572036e+00 4.801332306439994646e+00 4.943042068340140816e+00 5.068998805312689981e+00 5.196318426030990700e+00 5.303553084670515005e+00 5.400056760972494985e+00 5.487951552039307401e+00 5.575572006189657870e+00 5.654644189297253654e+00 5.729817329871502274e+00
1.600482122880437341e+00 2.870066022281401175e+00 3.618121477617024517e+00 4.147845067277861730e+00 4.553255540749585606e+00 4.879753991671574198e+00 5.154141942242171481e+00 5.387633291608713293e+00 5.591987569938930314e+00 5.770883210976540667e+00 5.931841592833665189e+00 6.077491038236827237e+00 6.207464707481873845e+00 6.331610773842104578e+00 6.438548233109066210e+00 6.540726318501990377e+00 6.635071450987181763e+00 6.721907973033499850e+00 6.805717086205005373e+00
2.657695854992443873e+00 4.025152374884659601e+00 4.824915942015391757e+00 5.390879779075120837e+00 5.828551416765910709e+00 6.185354851984430802e+00 6.485847408313251350e+00 6.745277759221765201e+00 6.973710689691220210e+00 7.175945631497972599e+00 7.359159708458743232e+00 7.525850020491375858e+00 7.678571941242184451e+00 7.820821455584352044e+00 7.950395162281781225e+00 8.073264341127726951e+00 8.187233217274602737e+00 8.295181627524181422e+00 8.394499806210523829e+00
7.122005383891070671e-03 9.785448619537233661e-01 1.578783407459120047e+00 2.017247774843639707e+00 2.352623135622928352e+00 2.630786877390729028e+00 2.863165270532276985e+00 3.070857041329779324e+00 3.227007933866380629e+00 3.394021584897456201e+00 3.530441309374510617e+00 3.650210349261293175e+00 3.763722281319504148e+00 3.863139567982889044e+00 3.962587829423208863e+00 4.055453596004121586e+00 4.132782687356897355e+00 4.196398250983819800e+00 4.289179120595297157e+00
-8.735698203809777462e-01 -5.498571927565232970e-02 4.507038920107719893e-01 8.224530104297040900e-01 1.115590462862139143e+00 1.356597276247772710e+00 1.557652853646813274e+00 1.736217658355324822e+00 1.898199816798750605e+00 2.036787422895999899e+00 2.163480283094312728e+00 2.271451992186089619e+00 2.371688954352030088e+00 2.463111775408056037e+00 2.557156483516844325e+00 2.631848137921735997e+00 2.723320933520866127e+00 2.780237101099205077e+00 2.841154041794550889e+00
5.905102141514280145e-01 1.756070566235612418e+00 2.453841588431533438e+00 2.946820183451265063e+00 3.326655328814915435e+00 3.627994721893083252e+00 3.877559688191384968e+00 4.096922905653038960e+00 4.281863613720029882e+00 4.447602574604800907e+00 4.593055256784468909e+00 4.723698130679861329e+00 4.844959888879356136e+00 4.952764506174442971e+00 5.052979913756575847e+00 5.143091741850001952e+00 5.226357064583316614e+00 5.316312718168251017e+00 5.370301770866674040e+00
-1.150858920791252432e-01 7.207314861762115221e-01 1.233952975415266273e+00 1.601561985165816271e+00 1.888277407410807962e+00 2.119854929468911742e+00 2.315795074803528308e+00 2.486137897310209954e+00 2.634209020858506722e+00 2.759650933145805674e+00 2.874537261705753632e+00 2.986455257351402270e+00 3.079088196446895687e+00 3.161770286479481218e+00 3.242539815673108450e+00 3.325784838708378377e+00 3.380407384747792676e+00 3.445024378155526090e+00 3.503469610795142408e+00
1.112668946224408595e+00 2.182468920638598764e+00 2.814861071397451120e+00 3.253298785425251971e+00 3.588599112693781290e+00 3.849314523771821150e+00 4.068736537897309269e+00 4.250316557667873418e+00 4.414149178332134049e+00 4.541657090626520343e+00 4.676251246305823450e+00 4.790224619446416199e+00 4.888842736377133846e+00 4.975701834046830641e+00 5.067787957022909850e+00 5.133626274709111037e+00 5.219768666793481060e+00 5.271915011427333653e+00 5.341803815591942950e+00
6.936928095169807573e-01 1.814138699799028753e+00 2.501130380146765475e+00 2.996270370707113440e+00 3.379637571241255412e+00 3.692633077543804099e+00 3.955846069047773916e+00 4.182033906431592563e+00 4.377428809961547707e+00 4.551071212569185676e+00 4.708749522017011913e+00 4.851080413771524213e+00 4.978976051711046402e+00 5.094012262088316589e+00 5.207773149884602937e+00 5.308858156625401392e+00 5.403723275853927532e+00 5.487012320544951471e+00 5.562596195703051194e+00
8.883304234572610980e-01 1.939712854172586765e+00 2.579001544642972377e+00 3.035165255861630218e+00 3.384774377142500068e+00 3.662442014366035892e+00 3.902025117404542165e+00 4.099137075319389645e+00 4.265518547850669862e+00 4.425108280845956088e+00 4.563052334356198614e+00 4.688147866782836459e+00 4.784590232029459322e+00 4.882481211097839946e+00 4.981008183992446270e+00 5.073205205238069837e+00 5.158023510398083822e+00 5.222132764711981956e+00 5.287351119276712197e+00
5.292161642505295305e-01 1.625093037679249397e+00 2.306930684211897287e+00 2.803798668521602089e+00 3.193140971832108654e+00 3.513674927652905122e+00 3.784454722930389536e+00 4.018940584027202334e+00 4.223518873941234375e+00 4.407190062366472816e+00 4.572848099995033166e+00 4.723163843799535577e+00 4.859687740061530370e+00 4.985314757004897679e+00 5.102907070246279986e+00 5.209961979801503773e+00 5.311230331981896313e+00 5.407493561146463179e+00 5.492808091462379139e+00
-6.590331063035129722e-01 2.889168480867150279e-01 8.663033800940831419e-01 1.281365025744755526e+00 1.595845591875034941e+00 1.860536935580817453e+00 2.068214431799923148e+00 2.252830368822342777e+00 2.408591319753663473e+00 2.549089690965494537e+00 2.675527147911460624e+00 2.783124080851199889e+00 2.876706552904644720e+00 2.974514756503487067e+00 3.052559159173921621e+00 3.126809566552896325e+00 3.208987174944443410e+00 3.278119282068413298e+00 3.320927512452476638e+00
-3.607423809604509146e-01 7.807314096043748153e-01 1.456788538811916167e+00 1.925413633043449924e+00 2.285024330209992183e+00 2.575133038246538941e+00 2.805015657840995047e+00 3.003601220484273693e+00 3.171142000247882731e+00 3.332639547288758219e+00 3.481879884324429852e+00 3.585004260595570535e+00 3.697159694884995851e+00 3.788542789767308072e+00 3.870063949358292898e+00 3.971080374575378436e+00 4.031883562523510101e+00 4.118069210760592291e+00 4.185145929755523575e+00
1.884913271924815392e+00 3.165386905508995596e+00 3.901271323427492277e+00 4.412887729478885745e+00 4.797164976051917051e+00 5.107259071671377271e+00 5.363234947564005317e+00 5.575336833603506292e+00 5.763899589159221293e+00 5.922346838922838863e+00 6.071751376884425788e+00 6.197483593146830394e+00 6.311655150828457295e+00 6.419534354063047843e+00 6.515855932011460183e+00 6.600009541401904656e+00 6.695889311651105125e+00 6.775011241779005822e+00 6.840092026498354905e+00
1.529874728682740548e+00 2.737729087046055998e+00 3.455313368729606260e+00 3.960522768839423335e+00 4.349328257192880187e+00 4.660509774840197572e+00 4.919189354150872440e+00 5.141163566284819630e+00 5.338076338402485632e+00 5.500922859624981065e+00 5.653726492141085913e+00 5.794205047203450754e+00 5.906041210688532495e+00 6.022200832982171903e+00 6.125930473126668829e+00 6.217743083670025150e+00 6.312146443689289121e+00 6.385585519121834253e+00 6.457089686317996957e+00
4.267816911180051243e-01 1.384153894541191976e+00 1.969777863006713092e+00 2.387908082193308967e+00 2.708879531391771511e+00 2.972119627524827390e+00 3.183660512920475583e+00 3.370460064202011718e+00 3.522894846958641857e+00 3.667147036990667353e+00 3.792964130471466078e+00 3.908702977021086156e+00 4.013345460744252691e+00 4.113085001325957002e+00 4.192483667440552786e+00 4.269683447492100825e+00 4.339122319508070369e+00 4.412520946595537730e+00 4.482440416776992009e+00
3.352555679801258459e-01 1.233611433415824354e+00 1.802758719805032772e+00 2.222944605065977353e+00 2.559680154698639853e+00 2.839621631714925876e+00 3.075772031319905064e+00 3.286711317203261373e+00 3.469173416243005903e+00 3.634403534552153925e+00 3.784997763972260731e+00 3.916164389655958811e+00 4.042135143408514431e+00 4.154728429193919048e+00 4.263432692763410969e+00 4.365485605485742937e+00 4.459203348017694246e+00 4.537910632388840071e+00 4.617934603923226078e+00
4.061600240099387249e-01 1.443764922211947299e+00 2.076252949052606933e+00 2.531544352055724811e+00 2.880652342936623089e+00 3.166244742418915070e+00 3.403646212739282806e+00 3.603655108039653499e+00 3.776384593200703854e+00 3.934657438673600183e+00 4.071171196690736238e+00 4.198707428440041411e+00 4.317921198526538440e+00 4.409659081284045712e+00 4.500511025174741775e+00 4.577535307465266712e+00 4.669392832827000461e+00 4.751958560244331942e+00 4.805228538700000662e+00
1.384698308499038300e-01 1.397621790005554532e+00 2.140584212728168456e+00 2.663366235324267972e+00 3.065178426514751031e+00 3.388477570500631586e+00 3.660764557783430462e+00 3.887552712233452112e+00 4.091109742745957512e+00 4.264500237383594516e+00 4.422893150130789763e+00 4.560154431273397257e+00 4.694461777648472278e+00 4.808996535379369774e+00 4.919704755113443184e+00 5.020119868723952550e+00 5.104818592865671967e+00 5.193478373276185778e+00 5.274809175473335721e+00
6.320162993971085719e-01 1.872584395199050178e+00 2.584893702528010095e+00 3.084560331161892321e+00 3.456036491416167866e+00 3.751307216191389848e+00 3.997791204610160243e+00 4.202790059274360779e+00 4.390989021537964554e+00 4.536270399028178524e+00 4.683356958221052579e+00 4.804619892073805687e+00 4.921440199515632941e+00 5.023027614756635728e+00 5.113297869043297972e+00 5.186612230644196408e+00 5.289421239513026229e+00 5.340049916908348848e+00 5.403382977204056914e+00
5.517522784825880100e-01 1.441547417269547715e+00 1.981790124831505961e+00 2.369263333029816287e+00 2.670814727929342602e+00 2.904135254517008491e+00 3.113285981302905014e+00 3.284297138118752013e+00 3.424610213264855041e+00 3.559993345068661608e+00 3.680505988832201147e+00 3.789027912668993192e+00 3.900988809048731021e+00 3.948985508908857245e+00 4.035682893109473923e+00 4.121615365550932886e+00 4.207393730901153539e+00 4.253988840169824925e+00 4.296269102016170294e+00
1.192193754333530364e+00 2.421685986321374440e+00 3.127281774142377735e+00 3.607450658284056200e+00 3.973500200821888040e+00 4.260629669207592229e+00 4.506893081593894124e+00 4.695598773635264678e+00 4.873346716193614370e+00 5.014203960639709301e+00 5.150420290689859293e+00 5.269271428072259233e+00 5.379721945917552262e+00 5.481144896556958912e+00 5.567511092732065237e+00 5.643419607753604517e+00 5.720786693708928894e+00 5.800191830318333075e+00 5.869847244331396929e+00
1.175713841360445988e+00 2.408803183246571500e+00 3.130412195377108908e+00 3.634963337873111211e+00 4.017361896785315523e+00 4.323984859163692462e+00 4.572012319402158020e+00 4.791850650367671882e+00 4.979603613467266321e+00 5.137536368209913107e+00 5.285735265752934176e+00 5.421666690104685493e+00 5.525245235928585963e+00 5.636978229578853750e+00 5.745228297628775849e+00 5.824534201465237260e+00 5.903157078425844695e+00 5.986039711789458373e+00 6.060942099288267215e+00
1.141260945710155239e-01 1.175160529604226456e+00 1.819663262935000914e+00 2.278171935952939098e+00 2.633594051750439924e+00 2.921021318946151801e+00 3.156312279941313470e+00 3.355727737845442871e+00 3.533771285223707093e+00 3.690496763665009894e+00 3.830814650103230523e+00 3.947302783394044390e+00 4.061424953011592009e+00 4.153637961808263057e+00 4.252944113503924761e+00 4.332748597048124317e+00 4.422221931621701962e+00 4.500865655397890741e+00 4.567897021550582970e+00
1.685622248602480999e+00 2.989413317490968502e+00 3.764229261719035602e+00 4.316357723082450804e+00 4.744014086468671287e+00 5.094502174235577385e+00 5.388095398652995804e+00 5.641762583465267156e+00 5.866594346093938483e+00 6.063749885354262403e+00 6.243525386699340096e+00 6.404924237516430807e+00 6.554627496202069636e+00 6.691354685362957966e+00 6.823118024074523724e+00 6.937960537201396605e+00 7.047666678084750558e+00 7.153937850672614118e+00 7.250265727896925583e+00
1.501894477237341707e+00 2.792679902100562828e+00 3.542605394968571630e+00 4.066754407078411404e+00 4.466232495907330069e+00 4.789816842226130689e+00 5.051848871683071174e+00 5.285202134329634482e+00 5.483224385761649167e+00 5.655867184379147261e+00 5.806417327813457874e+00 5.944549348876781991e+00 6.066957538598456878e+00 6.183490336601511927e+00 6.290414355399470026e+00 6.395349900844104596e+00 6.481238492980554433e+00 6.564007537584533480e+00 6.645843240069736702e+00
1.990520416048533248e+00 3.342515413448456485e+00 4.135243607752627781e+00 4.696843115323278361e+00 5.130831598405055871e+00 5.484223031861976239e+00 5.781898417548040570e+00 6.039017690911745007e+00 6.263635419085539446e+00 6.464464523368255833e+00 6.646480604579632967e+00 6.810597020940038604e+00 6.960823582503671503e+00 7.099578908330949290e+00 7.228642345448106354e+00 7.348899631792557230e+00 7.460626887185835443e+00 7.565128809502717822e+00 7.664973893385512937e+00
8.677089469217384998e-01 2.027679134450300680e+00 2.707597853914356811e+00 3.176490668045230947e+00 3.532616254601336880e+00 3.818454353750789565e+00 4.049775058829851559e+00 4.247342495682527641e+00 4.413337156309738774e+00 4.560229423060603970e+00 4.683946333291887143e+00 4.802882609725340757e+00 4.918278000187389587e+00 5.002618971391385116e+00 5.087362764305963125e+00 5.179954496564764810e+00 5.255516593214665022e+00 5.328469985850802892e+00 5.381197522190373839e+00
1.012609781066445613e+00 2.235276915856613478e+00 2.974882134057131200e+00 3.507505444671065398e+00 3.921729451169289504e+00 4.257369605617340014e+00 4.544762761774438609e+00 4.790920463035269528e+00 5.007967586892880796e+00 5.199594103196438333e+00 5.374203442352324167e+00 5.528523973939748259e+00 5.673913134643856715e+00 5.808272765751658184e+00 5.924534244826279661e+00 6.044075618974913411e+00 6.148051302725616729e+00 6.244441243191450219e+00 6.339218062997947989e+00
9.786742113795288134e-01 2.228144697006558150e+00 2.947080715041355159e+00 3.446888999547651711e+00 3.826238069074005210e+00 4.125369552402339934e+00 4.376208468340426982e+00 4.581211981922502119e+00 4.760057157919757032e+00 4.914669953103221189e+00 5.062728946049953827e+00 5.199864389339076354e+00 5.299443421650268604e+00 5.393362052704004483e+00 5.485420677992170368e+00 5.580235276455942639e+00 5.657422277223476570e+00 5.744959000066797827e+00 5.783127198954936432e+00
-2.744715396716624900e-01 6.209236184700773764e-01 1.177678028257607590e+00 1.587674640185259722e+00 1.908644416309223102e+00 2.168189648564855077e+00 2.396050035394217126e+00 2.591827164004965933e+00 2.751274616012278962e+00 2.900391134199560739e+00 3.040543708455354377e+00 3.158514004061402147e+00 3.265882982566060910e+00 3.355208120367726643e+00 3.454432341031810516e+00 3.538419459184166893e+00 3.621492963045457536e+00 3.692034429867155243e+00 3.762141886362253107e+00
1.764473197068777699e+00 3.098563294495056297e+00 3.869977855482744644e+00 4.410894384332916474e+00 4.823679159708675002e+00 5.155658837669125028e+00 5.434618688900457073e+00 5.669298325899114310e+00 5.874762512243001389e+00 6.057012801318945705e+00 6.220182230698211079e+00 6.363808131543748026e+00 6.502123379560055483e+00 6.621706732271941398e+00 6.729317063923081044e+00 6.833576477093793677e+00 6.930048716316717261e+00 7.018148187015990302e+00 7.096135477395850266e+00
3.090469517685592749e+00 4.450920667365796390e+00 5.250131337865584058e+00 5.817886789262191272e+00 6.258043089385814994e+00 6.616658832143830438e+00 6.919785128212969205e+00 7.181805741557882428e+00 7.413205874009179297e+00 7.618971467168008438e+00 7.804696805776420554e+00 7.975050616645638968e+00 8.130307645709335063e+00 8.275169483963891182e+00 8.409152522373936733e+00 8.533769899042003004e+00 8.649545382076194500e+00 8.761553067876251433e+00 8.863532388899702852e+00
9.293291904572034134e-01 2.192296582968116692e+00 2.900412787313374263e+00 3.379463937928725681e+00 3.736793299759066045e+00 4.018777759029408259e+00 4.248377821242240948e+00 4.441760622232789224e+00 4.604887038244349640e+00 4.739408766723195221e+00 4.873029507282295114e+00 4.992471993926717033e+00 5.095200376776593210e+00 5.180371841823491863e+00 5.279119569948473867e+00 5.350045641383240458e+00 5.431673434045173110e+00 5.490397396149420572e+00 5.572354956893098787e+00
2.501388675511451165e-01 1.435013905650008414e+00 2.143239075520959158e+00 2.645951830965419305e+00 3.031286545221418383e+00 3.344920698038955642e+00 3.599382437565529003e+00 3.820598041345679707e+00 4.015181030519113570e+00 4.181755570203394612e+00 4.333472255436412013e+00 4.473708290497008022e+00 4.591662777751461810e+00 4.703488510569313164e+00 4.810597099981136715e+00 4.900648918792176900e+00 4.992427595317487921e+00 5.079965104752675487e+00 5.161149680197429035e+00
2.396153237360624522e-01 1.463341419729632831e+00 2.176954674940733803e+00 2.678546762763877265e+00 3.058953811121789546e+00 3.366045317843220808e+00 3.617738755392741812e+00 3.833425731802432956e+00 4.021028318194752593e+00 4.180474651390133189e+00 4.330158102460715419e+00 4.455893624311083379e+00 4.578462509399809477e+00 4.678709673532184254e+00 4.779281696302795979e+00 4.864360824406217532e+00 4.949378369363943264e+00 5.041492883570147576e+00 5.096737322209899723e+00
-1.097537488195196864e-01 8.882900895751427717e-01 1.494857807706315489e+00 1.924456169546804762e+00 2.253188884388172664e+00 2.516691222858631782e+00 2.734482052835264021e+00 2.924945091484266513e+00 3.084530870332393260e+00 3.221569772578747326e+00 3.349516369773307023e+00 3.464814186032913135e+00 3.571587644879167911e+00 3.651915573310286600e+00 3.734101357035278124e+00 3.820609003136054227e+00 3.892706218852996169e+00 3.954445763183708440e+00 4.040222021405315722e+00
2.032445092133511544e+00 3.275999242651483900e+00 3.994348474302094498e+00 4.493091969176897571e+00 4.871511838122943416e+00 5.164201770156060078e+00 5.416486875426214986e+00 5.621981964951438648e+00 5.800061986632321087e+00 5.958648562788297909e+00 6.105505676750870414e+00 6.219377609403188067e+00 6.333402618106378057e+00 6.435788735763213531e+00 6.525829128183310957e+00 6.612031179697680727e+00 6.689749088420916756e+00 6.755880627818293682e+00 6.836942171744960106e+00
1.964403321614421438e+00 3.293543568021786161e+00 4.054939321411421105e+00 4.582769480556629915e+00 4.983318303434145058e+00 5.304985880784721886e+00 5.571177580374211402e+00 5.793584569017660613e+00 5.990773618116714161e+00 6.164293066603027782e+00 6.315914857744671984e+00 6.453288789797952063e+00 6.576865930043091168e+00 6.688272118893568319e+00 6.795214834276072757e+00 6.884693452162124139e+00 6.971243403821385520e+00 7.054404472039831120e+00 7.137326505279211197e+00
8.534191984184590352e-01 1.913508085370768441e+00 2.559669137124073401e+00 3.018543045541439263e+00 3.372141266580932051e+00 3.654855290301644022e+00 3.893020458641074377e+00 4.095266615267671106e+00 4.274026736902841073e+00 4.423596330186934544e+00 4.554286342306347990e+00 4.681110950889010525e+00 4.784527850121727433e+00 4.898244488813485731e+00 4.990032357038689526e+00 5.075471477153072897e+00 5.168747986648427606e+00 5.228330519041523239e+00 5.290885705050288657e+00
6.517824858391616516e-01 1.672275417976999190e+00 2.292901828527241559e+00 2.739434653467916814e+00 3.085035303125778672e+00 3.361234241813952028e+00 3.595169491882459933e+00 3.791500830811539213e+00 3.960353774574597363e+00 4.110959520852985882e+00 4.243304175489030605e+00 4.363961223189477323e+00 4.477760016137758647e+00 4.581883119304744234e+00 4.665899517870739643e+00 4.753835964029110350e+00 4.843354610118635328e+00 4.906184086290230617e+00 4.968334653331883288e+00
3.477965191061129779e+00 4.833706059575286318e+00 5.626388054201425071e+00 6.185700028866565781e+00 6.618503385797441574e+00 6.969607310099333652e+00 7.264843950086496527e+00 7.518562675743381440e+00 7.742981853339013121e+00 7.941462122599399542e+00 8.120367488243674714e+00 8.282506967157960531e+00 8.430013627149145705e+00 8.567047727345602937e+00 8.693659978435869462e+00 8.810844746905306835e+00 8.922441604830476436e+00 9.024311314505133907e+00 9.119874675118527563e+00
9.535814806105264996e-01 2.032689380823497594e+00 2.699261089706416428e+00 3.181655282946998398e+00 3.556511408040906375e+00 3.863355597997990110e+00 4.120624726873385768e+00 4.335763136953800334e+00 4.530469148740835728e+00 4.697421921144509405e+00 4.857015359927933318e+00 4.992710821045519332e+00 5.126890030557023081e+00 5.243548555957374901e+00 5.339212338574832017e+00 5.435057191892031625e+00 5.527723660471773215e+00 5.612607337471418489e+00 5.697201621376990488e+00
4.974409209060290382e-01 1.396326378699515258e+00 1.958418661144885276e+00 2.366694425758095299e+00 2.693928908551684653e+00 2.963357037283361972e+00 3.187785996087118878e+00 3.378849182331027823e+00 3.550082325187295051e+00 3.695379334186649878e+00 3.827555757367433920e+00 3.957903758755457080e+00 4.073359001362598875e+00 4.165759591668817485e+00 4.259620134987279982e+00 4.344720090804498724e+00 4.434847415334343346e+00 4.514954338882313678e+00 4.580863053952515251e+00
8.572181598820433068e-01 2.069786817259695155e+00 2.803404059569162055e+00 3.326584993504435595e+00 3.734525847203017612e+00 4.064580382025376082e+00 4.345993919726760524e+00 4.585345995621970872e+00 4.796133227748629047e+00 4.979957941440686930e+00 5.147269829524945273e+00 5.297089211211972959e+00 5.437472294406322071e+00 5.566322792508691109e+00 5.685588506132286390e+00 5.793411728365900792e+00 5.890496316976983060e+00 5.984897846930412157e+00 6.075084269942983894e+00
2.534537138484552088e+00 3.883328274209245201e+00 4.672867760908503421e+00 5.231516131879915044e+00 5.664057972415128539e+00 6.013435432620815035e+00 6.309222009385095475e+00 6.561958999917747448e+00 6.786408712897546991e+00 6.984526614920964604e+00 7.161927601377132468e+00 7.324197370956889053e+00 7.473127511466500117e+00 7.607405324686282277e+00 7.733805934723501530e+00 7.850315330896558308e+00 7.958352303446939224e+00 8.065321447922862319e+00 8.162095943996499514e+00
8.461418449647836737e-02 9.104415867530832873e-01 1.415749665732455309e+00 1.778551734027993714e+00 2.057121262566159015e+00 2.294460483706536102e+00 2.484536747806523227e+00 2.648382767488770995e+00 2.808470130552947364e+00 2.920750875645207856e+00 3.026990125670134812e+00 3.143007154447165608e+00 3.240214800755941038e+00 3.316834348094967577e+00 3.388301669188559906e+00 3.470462722053947680e+00 3.558275545899526104e+00 3.606459311141872792e+00 3.665613113569060832e+00
3.047054869847066194e-01 1.493265057686810060e+00 2.179214237170424173e+00 2.659504065286856012e+00 3.023741649732165637e+00 3.304955892029355802e+00 3.551558041940715338e+00 3.747556694199000393e+00 3.914350611918229195e+00 4.055459446158307557e+00 4.186942821577412488e+00 4.312234847684609740e+00 4.429775980565692883e+00 4.533233176296941558e+00 4.594572326377893035e+00 4.690382924146827115e+00 4.771317828936365579e+00 4.846119499569023326e+00 4.903307387568379916e+00
9.663085062314705209e-02 9.203761669626207009e-01 1.424468864638468890e+00 1.790606188491485895e+00 2.076914015707755468e+00 2.307286486568455697e+00 2.504541648853036762e+00 2.673939722295095134e+00 2.817745640592250300e+00 2.949210243664978748e+00 3.067272127261137626e+00 3.170209343699034399e+00 3.267239566386278327e+00 3.352076573630970557e+00 3.432777461655081463e+00 3.510391646944214461e+00 3.585306247554563175e+00 3.650541116443044132e+00 3.714007045120755635e+00
2.120025706006412047e-01 9.534467030581759150e-01 1.397410396928094656e+00 1.718366071578594889e+00 1.967549297886451720e+00 2.172365541823509716e+00 2.349754214730266799e+00 2.496287251298471066e+00 2.632375769226004358e+00 2.743138444171464130e+00 2.861021079932206668e+00 2.955633130402362863e+00 3.046384809060997068e+00 3.125602576758574003e+00 3.202140959134306630e+00 3.269191822503878075e+00 3.341295675710204360e+00 3.406324953426795421e+00 3.466857797326575064e+00
-1.199550489457296809e+00 -2.293464346078741278e-01 3.782058075393206487e-01 8.221152693542628231e-01 1.173637064056967771e+00 1.461536837045296355e+00 1.700865973379533935e+00 1.914264968788259802e+00 2.096731994014038314e+00 2.254940211544000039e+00 2.398477461764283003e+00 2.543126514699610485e+00 2.667442251169679146e+00 2.764364946346288932e+00 2.900701275159629944e+00 2.965869729452399017e+00 3.070229230775519902e+00 3.136642082396363218e+00 3.227523469847571214e+00
1.326554699923943315e-01 1.080580069018206579e+00 1.657675839703409926e+00 2.067781806052104265e+00 2.383128553986904041e+00 2.636743543998284700e+00 2.848372804128560087e+00 3.025177229556502922e+00 3.188837999003806267e+00 3.317138686386932100e+00 3.446517964765204667e+00 3.554852780116414035e+00 3.649799305570343932e+00 3.746983503129099891e+00 3.824481328734275820e+00 3.901292861551744373e+00 3.971075080264477641e+00 4.041941298267098581e+00 4.112009810806535270e+00
-4.256248747007272959e-01 7.243880795112058735e-01 1.436415700894087211e+00 1.953352595601320241e+00 2.359595919986577250e+00 2.692711407354626996e+00 2.975587929584171398e+00 3.220969951022914834e+00 3.435220064401540707e+00 3.629508664931687445e+00 3.801298764579234657e+00 3.960576226866866723e+00 4.106238552515090845e+00 4.241348885898503340e+00 4.363016521928163804e+00 4.481061498323928305e+00 4.588948258259064161e+00 4.688506565984457808e+00 4.784079890542477287e+00
2.312462903751796861e-01 9.786847712250481557e-01 1.433051176510339753e+00 1.765409860663681663e+00 2.028964685890786157e+00 2.242892531049228033e+00 2.433601390636429773e+00 2.599418373665447923e+00 2.745268277019955239e+00 2.874780127502532423e+00 2.996175303451957372e+00 3.101605173719876873e+00 3.206856586272576859e+00 3.299855583089700506e+00 3.387315038204102624e+00 3.465928852766753554e+00 3.544398271709626069e+00 3.612543307807557724e+00 3.685630272905180416e+00
-7.577765160136951117e-01 3.914774407933709899e-01 1.066481375324599856e+00 1.536305494814055539e+00 1.890199947112386036e+00 2.172053460516809142e+00 2.410633007488979462e+00 2.600976629349744051e+00 2.770102635846859673e+00 2.919111721646062030e+00 3.050105894387507455e+00 3.170824478981404848e+00 3.259361482191372339e+00 3.373633632251754388e+00 3.444251782180673516e+00 3.543519415711593012e+00 3.610213171716011082e+00 3.686026487115407146e+00 3.756225532351154861e+00
5.330795828393721791e-01 1.667797425032954362e+00 2.354318538228683089e+00 2.839264055018962729e+00 3.208672556974883960e+00 3.518535727780580658e+00 3.761834640346620962e+00 3.983262446918224953e+00 4.181538728272530925e+00 4.329571700553905167e+00 4.496949630282975008e+00 4.613561545528370722e+00 4.704275756754246807e+00 4.832739381376550902e+00 4.936866833033654700e+00 5.016597370880173656e+00 5.099528492960192949e+00 5.213616680802986458e+00 5.259687837052697823e+00
5.592563967225864241e-01 1.754294038193497496e+00 2.452330438546410640e+00 2.936237579516117524e+00 3.302551645805773095e+00 3.591831049689767408e+00 3.831017834278901635e+00 4.034846960356083478e+00 4.214366958473725333e+00 4.365180417415479575e+00 4.505315883148398370e+00 4.625455042321185317e+00 4.724253452551461230e+00 4.833303631858792748e+00 4.919391922072404277e+00 5.003275717432126513e+00 5.082211367735040675e+00 5.159517066569917709e+00 5.227087369657190230e+00
1.190342496302896069e-01 8.934390741509904421e-01 1.370521213359027879e+00 1.723603495960622567e+00 2.006690441496481014e+00 2.241046722991887563e+00 2.444646842651707175e+00 2.626360478388714448e+00 2.782290101547556294e+00 2.930198639029440333e+00 3.064477580460361228e+00 3.182691595481631719e+00 3.299986455682680564e+00 3.398730572575637154e+00 3.500855561088429546e+00 3.591297938106804644e+00 3.675302423218862025e+00 3.755875470234099733e+00 3.835496565422810811e+00
2.320765410008359675e-01 1.224924455893283914e+00 1.839218879129695283e+00 2.286184868336681664e+00 2.633308576960744496e+00 2.913036299072945479e+00 3.158182689839547308e+00 3.356271595599553237e+00 3.537684605733258714e+00 3.695703477629858735e+00 3.834727057632056013e+00 3.955540061744064140e+00 4.077834081626286356e+00 4.189959663928775946e+00 4.291315767335521336e+00 4.362473718798145939e+00 4.447362079808618418e+00 4.546407109770769672e+00 4.628452339501931689e+00
1.430136030384596912e+00 2.705959288681082597e+00 3.418901253047286204e+00 3.900878582122114135e+00 4.265861954980001869e+00 4.549072904325540456e+00 4.783017531539648814e+00 4.970184813325579931e+00 5.132752476176129619e+00 5.292021494523723391e+00 5.409871685376716144e+00 5.534753717103508386e+00 5.631794370951115347e+00 5.724227532347764935e+00 5.806254164346794866e+00 5.884670646002907013e+00 5.958685817788790473e+00 6.040039126482807497e+00 6.108656060058825332e+00
4.010789407454662947e-01 1.460638636992353412e+00 2.124349003323148910e+00 2.607964816730924618e+00 2.991288732154212315e+00 3.300628953545653221e+00 3.567445480376699951e+00 3.795181591516248787e+00 3.998028096319289126e+00 4.176970395985506457e+00 4.339089844081975400e+00 4.487970681295458064e+00 4.620328812375769978e+00 4.744828409530274627e+00 4.855239880408123376e+00 4.957100849456602454e+00 5.061585634598829486e+00 5.155089870567724830e+00 5.245398267342670451e+00
7.954946501122820424e-01 1.871591365839392118e+00 2.529759703143876326e+00 3.000413982957745418e+00 3.367757440048704698e+00 3.662952062834805567e+00 3.906770712960491387e+00 4.114837811552633617e+00 4.303580886989518461e+00 4.461731543079370255e+00 4.607559304145392609e+00 4.734413578579291126e+00 4.854786004699738200e+00 4.953085348203448035e+00 5.062138707978224517e+00 5.151150782753034285e+00 5.228254059125514885e+00 5.308389162592957788e+00 5.395792220650721838e+00
3.355673788131474100e-01 1.303944195269852502e+00 1.914520219571150372e+00 2.362306916054199402e+00 2.716123292963487756e+00 3.006693538989404946e+00 3.253096491137834612e+00 3.471630991195658655e+00 3.655925829006376304e+00 3.827043136663268896e+00 3.973802111429688200e+00 4.114597211272050359e+00 4.237548930774674538e+00 4.355356808491888110e+00 4.461727452933674343e+00 4.566824154012553372e+00 4.651710810455988110e+00 4.740536878226170536e+00 4.816815727666067026e+00
-2.278529345949864560e-01 7.984834890549563635e-01 1.417248470653549086e+00 1.850290132304739377e+00 2.181311121083707949e+00 2.447173642650646741e+00 2.675668339786617445e+00 2.852902333307530736e+00 3.008352824396649972e+00 3.151547574212218983e+00 3.278943909260364276e+00 3.383785917381429531e+00 3.493372438441903594e+00 3.598849549805265280e+00 3.674644527579750353e+00 3.750434966564356376e+00 3.833881089540238651e+00 3.892107923980032247e+00 3.963212629430654665e+00
1.818059992464698071e+00 3.088889507700221859e+00 3.850574907216383735e+00 4.393549055652303359e+00 4.814527102493267208e+00 5.157991626737704394e+00 5.448493596206576584e+00 5.697419186960585691e+00 5.917443442718991697e+00 6.112214696153373872e+00 6.289046673546983435e+00 6.446672429762800860e+00 6.592692000255371276e+00 6.728689235547753889e+00 6.853365770522511724e+00 6.967001757702229625e+00 7.077967743494189889e+00 7.176451950024421045e+00 7.272813404656417902e+00
1.006897800103194518e+00 2.079112809736337386e+00 2.714859650697021731e+00 3.155363306582678273e+00 3.491913420508376387e+00 3.763970696921503212e+00 3.979220264098852766e+00 4.161477313417174528e+00 4.312753545007852019e+00 4.457442225790230417e+00 4.581262797742202686e+00 4.699064609144442350e+00 4.811928581617823220e+00 4.887988257807638348e+00 4.960182831375374413e+00 5.050695550612068097e+00 5.117343770071966169e+00 5.182305080699660671e+00 5.254020387331808983e+00
1.485286206125337571e+00 2.664434902538989292e+00 3.364378233595485934e+00 3.856502826346987156e+00 4.230717003463847270e+00 4.535391354819941157e+00 4.784006293598390691e+00 4.998261880613186214e+00 5.181245301379156842e+00 5.344097672543053790e+00 5.486468087733823218e+00 5.614910906462287521e+00 5.730017390204950267e+00 5.838661316566380322e+00 5.936304246429885190e+00 6.027733437241482584e+00 6.102985370250246788e+00 6.179774299976396712e+00 6.261326051442597240e+00
2.040271986964156348e+00 3.311557378612447700e+00 4.058564495764326097e+00 4.583274379792866782e+00 4.985630215442443003e+00 5.308971443339195240e+00 5.579958500214399209e+00 5.809612726092257873e+00 6.010945062496498181e+00 6.182717809105502837e+00 6.344991858892827352e+00 6.486056291780222693e+00 6.611294113100842473e+00 6.728266485967884236e+00 6.847699807018422291e+00 6.942115806581948156e+00 7.033015917336940426e+00 7.111809710516280525e+00 7.201163724430022839e+00
3.399357402489203928e+00 4.769703050120337018e+00 5.573864176506766022e+00 6.144369004442284954e+00 6.587154934068531809e+00 6.948399755131038802e+00 7.253695530717403805e+00 7.517789896632770308e+00 7.750890663994585594e+00 7.958760424880019002e+00 8.146750257016144303e+00 8.318212488287750617e+00 8.475733171351889084e+00 8.621798667092766877e+00 8.757708407110072812e+00 8.883768863202236687e+00 9.002330453261249588e+00 9.114233769859804823e+00 9.219928317780148319e+00
2.286023805712450230e+00 3.589128797879556299e+00 4.354512484000815142e+00 4.894772249523197338e+00 5.309051046660078654e+00 5.645065716469457762e+00 5.926125265615737270e+00 6.168839517023690711e+00 6.376831522156714449e+00 6.561360532784762611e+00 6.731190870548298122e+00 6.878328339025242322e+00 7.016000963460871986e+00 7.139573877925487366e+00 7.261485925472215719e+00 7.364216178069240115e+00 7.461851646522193349e+00 7.559897112596179802e+00 7.649657602043845372e+00
-1.308624197853345827e-01 1.149852727406743158e+00 1.891305114363549755e+00 2.405605942368436612e+00 2.798747952387274918e+00 3.104728260857658295e+00 3.369789624777033588e+00 3.585276629462909703e+00 3.775504535732471023e+00 3.939011699185319682e+00 4.078703291354004890e+00 4.213920462497475761e+00 4.343238946572148151e+00 4.453385242964079005e+00 4.541200061869033355e+00 4.637245013095676605e+00 4.727999175445255275e+00 4.793313624668088302e+00 4.873125032987460692e+00
-9.905143284027762007e-02 8.187022279141894510e-01 1.389375880464631008e+00 1.790626767683069831e+00 2.117825902420278794e+00 2.374735299539094235e+00 2.578843682902773438e+00 2.768985993251930289e+00 2.924549811440841918e+00 3.069839599500682414e+00 3.191196420509377685e+00 3.316198227202030058e+00 3.398457675631680885e+00 3.500715014854323126e+00 3.606461820080606007e+00 3.670596241668720783e+00 3.730988542020239329e+00 3.819699935259874835e+00 3.886477140800528307e+00
1.205134075047817888e+00 2.410677652592765341e+00 3.113110021670748573e+00 3.605241408805898828e+00 3.976989098695872915e+00 4.269001158560673304e+00 4.519214595135531809e+00 4.719736597782030252e+00 4.901346494121309405e+00 5.062191126378544404e+00 5.186968964390840320e+00 5.316769085105636172e+00 5.426705921816986411e+00 5.541316613593342488e+00 5.622759545750175114e+00 5.719788838731378888e+00 5.786691096153192326e+00 5.866471953558505703e+00 5.931106675435338538e+00
-5.429723738003356948e-01 5.400446976921013942e-01 1.195697089243490163e+00 1.661502371193408933e+00 2.023557961029002428e+00 2.312758022076478071e+00 2.554039500991446943e+00 2.759893194569805086e+00 2.938560401709595205e+00 3.099205396924967548e+00 3.240682676284701191e+00 3.366399064416600417e+00 3.481927375734627184e+00 3.581891423345173742e+00 3.672351517375219476e+00 3.773334548178389092e+00 3.852429848279426139e+00 3.914677188383691941e+00 3.987851175249094382e+00
2.670080510087208925e+00 4.046616567782420404e+00 4.850529872908436069e+00 5.419471977514574768e+00 5.859788583487753222e+00 6.218536599266379028e+00 6.521243930384850174e+00 6.782324016959281998e+00 7.012014679910045345e+00 7.217363016607760251e+00 7.402727053062740481e+00 7.570997557081917684e+00 7.725160763722835000e+00 7.868652614690179625e+00 8.000433725290250209e+00 8.124658300924631149e+00 8.240082754042505897e+00 8.346859951691961044e+00 8.451207254388490853e+00
6.333504685176448712e-01 1.700165791555337647e+00 2.349816581242561764e+00 2.809523759538795407e+00 3.167251362969344619e+00 3.456611261527818613e+00 3.699249862956749624e+00 3.894196790206196912e+00 4.067200168915727332e+00 4.225641456041825172e+00 4.366073129724640012e+00 4.498241221423588065e+00 4.614668115344297661e+00 4.695331378383220233e+00 4.795274790341102822e+00 4.883899797334137816e+00 4.956974839725502235e+00 5.035865821896515548e+00 5.135577524664102000e+00
1.854087953286161494e-01 1.016242010485653102e+00 1.522959365472634996e+00 1.889498115407230561e+00 2.170408755845639526e+00 2.404476732948371609e+00 2.600485251749263593e+00 2.769254441177915194e+00 2.913533081367598143e+00 3.034675263029136261e+00 3.156550812504549608e+00 3.262039441706006127e+00 3.361903879203880230e+00 3.435758838148796901e+00 3.520644174055054254e+00 3.600443743771589933e+00 3.663620102882103158e+00 3.730750319319900310e+00 3.791778925811949641e+00
1.555796034818442308e+00 2.784057715606316208e+00 3.499143800435859930e+00 3.995287437435870892e+00 4.374417481715797251e+00 4.673768565123300966e+00 4.922573102440032322e+00 5.130796586010983873e+00 5.316857587798710760e+00 5.471883051430726397e+00 5.613889122983586333e+00 5.729209337123220891e+00 5.864070332476776670e+00 5.955889820346294883e+00 6.045348373529090047e+00 6.125246897454806216e+00 6.213618478612433549e+00 6.289750426117270976e+00 6.356634281629532701e+00
2.172197781036234066e+00 3.513095586474908494e+00 4.292010086846648420e+00 4.838508267007210151e+00 5.258309457096042472e+00 5.597401514085031948e+00 5.880770973152773529e+00 6.121055571291641684e+00 6.336795655024203278e+00 6.522747357255999745e+00 6.689285002400527702e+00 6.837689812444044613e+00 6.976928820559439970e+00 7.100955457274843674e+00 7.215355147110409817e+00 7.320938323742519849e+00 7.423306080780884386e+00 7.524220743493787111e+00 7.609430990423548202e+00
1.010027478393450195e+00 2.207013447836087661e+00 2.933877121774256747e+00 3.454499938475035670e+00 3.859018044234124645e+00 4.187009700945133694e+00 4.465629805803340346e+00 4.702952535913573762e+00 4.910103132411028248e+00 5.095469156995687143e+00 5.261776915957708134e+00 5.413412632746431363e+00 5.551312094906494465e+00 5.676510252746570728e+00 5.790351068024063075e+00 5.897125825759712114e+00 6.000425013408561270e+00 6.095667416712974962e+00 6.186787672423736950e+00
2.392720571337968227e+00 3.712509335460653315e+00 4.489855547701072425e+00 5.041283349186366891e+00 5.465861208432620799e+00 5.811306224079449301e+00 6.101967543648892267e+00 6.352636380988445630e+00 6.570688556081912601e+00 6.765308301469982410e+00 6.940342462401292600e+00 7.096600812438723871e+00 7.242001052107974068e+00 7.374559822415760024e+00 7.497810076461374429e+00 7.615381102057325435e+00 7.721621387336863762e+00 7.819774070510749908e+00 7.914104141369969092e+00
7.803393888148701940e-01 2.084180316951546263e+00 2.852021421614312047e+00 3.393774949741266589e+00 3.810090714561739755e+00 4.146887203945918365e+00 4.427241976691677294e+00 4.671839930793590057e+00 4.879274736583927741e+00 5.068318099389624187e+00 5.232168058040901570e+00 5.386356460132017965e+00 5.521773445154971149e+00 5.643280071799468445e+00 5.766797963157808127e+00 5.865769984931060499e+00 5.968335545706461964e+00 6.060875046261607224e+00 6.154254685476032272e+00
2.514054301747066233e+00 3.866514323087504312e+00 4.649450542807417541e+00 5.198250018036283393e+00 5.621283615118938037e+00 5.960237065791567090e+00 6.242966990032789099e+00 6.488294957723051759e+00 6.698765728045366963e+00 6.888342259412874924e+00 7.055345021820063955e+00 7.207133816698592987e+00 7.345741282676771178e+00 7.471597965180010625e+00 7.586701292611443215e+00 7.695031815520787966e+00 7.794757539401912183e+00 7.888548817649148504e+00 7.976114929239091822e+00
2.083281858978797363e+00 3.418701862327310881e+00 4.188415621346853968e+00 4.726237108418415822e+00 5.134847197302192967e+00 5.467752985324484172e+00 5.738976030531282468e+00 5.973038941955577386e+00 6.175091027610939420e+00 6.353076469085853439e+00 6.515951921562569638e+00 6.660359728822935033e+00 6.793056232840181785e+00 6.908636435976578838e+00 7.013641331986568694e+00 7.115984566866275784e+00 7.212443131995180501e+00 7.295573270494701390e+00 7.377704199203855673e+00
6.268309695897108513e-01 1.799199968026180319e+00 2.486854704223113277e+00 2.970703165822535574e+00 3.337558865641776507e+00 3.624296404277792316e+00 3.862188728503991086e+00 4.066856423638055773e+00 4.245830779356131401e+00 4.401961492694609568e+00 4.533459192946696525e+00 4.655131367771182305e+00 4.769812144772068052e+00 4.863652149560033777e+00 4.950846357747829884e+00 5.046427508030912890e+00 5.127624722504404708e+00 5.185761735061086952e+00 5.271121003882422329e+00
1.324079594298018803e+00 2.660194292736804300e+00 3.439574752987285766e+00 3.988664864305559110e+00 4.410733545832015601e+00 4.754042289961250667e+00 5.040482899320616106e+00 5.284710544749665395e+00 5.499776459596743550e+00 5.689811310192158800e+00 5.863169328089445465e+00 6.017637983368447685e+00 6.154640449857375906e+00 6.288763836234426918e+00 6.407115424348659438e+00 6.514236312675176777e+00 6.618127516469693106e+00 6.710143800208069997e+00 6.809906917556559414e+00
1.072994404066113461e+00 2.236523885614651430e+00 2.938381284479544941e+00 3.437355165899163456e+00 3.823038092065525362e+00 4.133344390111044930e+00 4.391466777700991919e+00 4.616486305776842158e+00 4.806277635987335373e+00 4.975587422307762075e+00 5.127401432992644281e+00 5.267169312790679570e+00 5.393679738231496046e+00 5.503545768595351717e+00 5.609396488265392833e+00 5.702326922775268869e+00 5.792749511684490038e+00 5.877228099339363077e+00 5.943741860357004470e+00
1.723322088228914417e+00 3.083967893369065294e+00 3.878600605921221689e+00 4.440212955574454057e+00 4.874742081194497700e+00 5.226873017494343188e+00 5.522910493980071500e+00 5.778602651612930075e+00 6.000987006518494482e+00 6.202010535790711820e+00 6.380781104584595909e+00 6.545044105125043643e+00 6.696081900711398305e+00 6.830939723732003976e+00 6.959004191063167255e+00 7.075421693269677625e+00 7.187226369204465115e+00 7.290837406815866117e+00 7.389792322595669205e+00
-7.724345073049062593e-01 2.072089684763963879e-01 8.046219099558009624e-01 1.233545421999506342e+00 1.560491678914743607e+00 1.829431589634848088e+00 2.054334211535251864e+00 2.243348509882375552e+00 2.404372924725028948e+00 2.552323678136998009e+00 2.674359061611800037e+00 2.790105325450825013e+00 2.894301752363879210e+00 2.997181360013101870e+00 3.082163212620094850e+00 3.163734905769559180e+00 3.239324255100244354e+00 3.308027357372629762e+00 3.386471910739212721e+00
1.370324382483043557e+00 2.638222840640264355e+00 3.376010573724632202e+00 3.889327631588414658e+00 4.279159193243183168e+00 4.595756471847609603e+00 4.852581441233740911e+00 5.070232123350699283e+00 5.266058174158279037e+00 5.427457013568721678e+00 5.576868094037791046e+00 5.722438002672630475e+00 5.830848702459007882e+00 5.938077312151795795e+00 6.029516531914483224e+00 6.134620720220222090e+00 6.218833961278439126e+00 6.309751946966183134e+00 6.366254944165459229e+00
2.097911174287897307e+00 3.373743137682906124e+00 4.118238591938101045e+00 4.638793086126168141e+00 5.038048190810191507e+00 5.358276911336990800e+00 5.623688544910249831e+00 5.846394266342968216e+00 6.043404916513113179e+00 6.218418857309989001e+00 6.368341156446500229e+00 6.506854946786083893e+00 6.627909087163224910e+00 6.755661661008530494e+00 6.851321138587655568e+00 6.948231248787719139e+00 7.034525528227804081e+00 7.120210384232832368e+00 7.209154134098231914e+00
-4.442606600268934058e-01 7.255243321199418283e-01 1.408263952435384603e+00 1.879730294022313952e+00 2.238442836283857762e+00 2.530831477355520498e+00 2.761935662734933405e+00 2.965032263812898528e+00 3.136428336979114384e+00 3.277875079200124553e+00 3.432449857749758859e+00 3.532374359059718305e+00 3.660268651431340725e+00 3.715951575514003569e+00 3.837178117534054245e+00 3.907089839884140936e+00 3.976432051921628297e+00 4.046651561834542221e+00 4.121845389339152455e+00
2.811243657740355673e+00 4.171875236186607161e+00 4.966330517848197346e+00 5.527371502038021411e+00 5.960607950908198838e+00 6.312154796720773398e+00 6.607546288710672400e+00 6.862475280990609328e+00 7.085359041160150362e+00 7.284761540214478970e+00 7.462449544078995523e+00 7.626410151610409471e+00 7.774604977884797208e+00 7.911895587521910578e+00 8.036762510722368802e+00 8.156163962982406090e+00 8.265161212986866346e+00 8.367331672742318815e+00 8.468449511991645196e+00
1.101822822576655980e+00 2.314239073948804570e+00 3.016579817616486192e+00 3.500000918740900246e+00 3.867987967509801894e+00 4.154777172645477634e+00 4.390881696167275194e+00 4.596764005476202009e+00 4.770126090291111787e+00 4.915573536052555426e+00 5.048844850530249673e+00 5.176205354871360242e+00 5.282565740783245367e+00 5.381616061952424701e+00 5.466740570754890172e+00 5.553833234578513967e+00 5.631531030314854469e+00 5.697661075356969640e+00 5.753129957407674411e+00
1.149991853447410950e+00 2.394988418476917236e+00 3.105568311362608025e+00 3.588137040110245035e+00 3.952894689909355996e+00 4.239468335388921538e+00 4.470442852942801970e+00 4.674732183219114212e+00 4.841517939183985320e+00 4.994824391949622466e+00 5.133314803817531136e+00 5.239391034171050343e+00 5.353508521999864378e+00 5.444673218983064444e+00 5.541787378254790397e+00 5.611494011507285329e+00 5.693182365818334034e+00 5.762780007165906326e+00 5.825138246011151821e+00
7.298174539592225396e-02 9.999828331953967142e-01 1.575023134870312536e+00 1.995241278229866522e+00 2.324451819080429082e+00 2.587615543332554502e+00 2.814958929169590007e+00 3.011291169501388421e+00 3.175477873702079901e+00 3.329744494596873050e+00 3.461841129521950222e+00 3.574483053770910246e+00 3.692083524314756726e+00 3.788239834419945495e+00 3.883980612368060026e+00 3.962437806125476136e+00 4.041618753317979262e+00 4.111153292435854922e+00 4.191448036281542500e+00
1.470962614126918866e-01 9.064659077066997694e-01 1.368895654586693933e+00 1.703848887911552978e+00 1.970867546189362995e+00 2.190805767471743604e+00 2.377265601636895820e+00 2.536935826405659622e+00 2.678614709452743714e+00 2.806420828480792551e+00 2.925646509122744376e+00 3.030378931750712823e+00 3.122707618854222655e+00 3.215745265475567827e+00 3.303068295057506099e+00 3.379220110321090598e+00 3.456110890449829665e+00 3.510836486495197306e+00 3.573590398895149622e+00
3.890238233430792114e+00 5.263879315034565742e+00 6.068845530658378173e+00 6.640090891017055519e+00 7.082602797223039204e+00 7.444087674005957389e+00 7.749498403137578428e+00 8.014014343295507103e+00 8.246436171553527927e+00 8.454381287834271674e+00 8.642687391543930175e+00 8.813572128505050784e+00 8.971428861201644622e+00 9.116410329366265941e+00 9.251887238314456141e+00 9.379590937449325594e+00 9.496517591627466004e+00 9.609938215520278604e+00 9.715506541781190109e+00
1.447636367166768245e+00 2.660001591654074460e+00 3.379211309725729251e+00 3.890590189268028798e+00 4.277536997412907382e+00 4.592507547289061520e+00 4.856687353047191458e+00 5.080542913629462198e+00 5.271428179657813295e+00 5.441684804476706994e+00 5.597473238802615825e+00 5.733839228636536944e+00 5.858085367508814478e+00 5.970323928969396121e+00 6.075191153299495994e+00 6.172620629344740095e+00 6.256383025008502408e+00 6.336015365479211070e+00 6.415417181530660429e+00
1.221180841985161747e+00 2.528972631516203329e+00 3.296296332007709218e+00 3.836359426464111877e+00 4.253543769203488978e+00 4.587859678452399059e+00 4.868358143538047855e+00 5.110874542538724974e+00 5.319812894716562823e+00 5.505457363819114214e+00 5.668571325039065911e+00 5.824634315457299927e+00 5.960963850495336835e+00 6.080591926420488846e+00 6.194401023567355224e+00 6.310894979509374281e+00 6.398662589726842320e+00 6.504240342513184281e+00 6.581457966444947516e+00
6.473237583901129133e-01 1.598113847441263058e+00 2.181699612478821049e+00 2.603674221627844343e+00 2.934502011713532532e+00 3.196292394422227900e+00 3.427942406420604993e+00 3.612379696604234969e+00 3.793338479873596736e+00 3.917445911168309980e+00 4.081321401229876855e+00 4.184480342028176203e+00 4.291489325969612523e+00 4.385497026167316292e+00 4.467839874844997894e+00 4.556587057248185246e+00 4.629898510866168770e+00 4.686123826287905914e+00 4.753275750339594374e+00
2.752708274881069617e+00 4.089032206302725569e+00 4.868216631566797403e+00 5.416768651072549012e+00 5.838047959579359514e+00 6.179429979585633781e+00 6.463405091013418868e+00 6.709241705125992716e+00 6.922955631488020067e+00 7.111694055670080061e+00 7.283658436564682148e+00 7.434995304830589902e+00 7.575329411251694012e+00 7.702009699104724660e+00 7.822511567635848984e+00 7.931384599571221550e+00 8.035165315241389550e+00 8.125688163506783468e+00 8.218458120568470804e+00
1.152278763099571224e+00 2.320241078207233798e+00 3.033874740743114362e+00 3.547337372246169629e+00 3.947978130967694455e+00 4.271906985704668536e+00 4.548499909251414230e+00 4.785296828870097663e+00 4.993008529242707993e+00 5.179115463351583237e+00 5.344439305818351471e+00 5.493244808576133842e+00 5.633948406489659000e+00 5.758298144734423474e+00 5.875256701266884818e+00 5.981852400726507923e+00 6.084480272292755565e+00 6.176836698992524965e+00 6.261181678167500486e+00
9.676069215661071699e-01 2.133284786286882007e+00 2.809114805628438738e+00 3.273200009061707494e+00 3.626974931773524702e+00 3.906789138968852271e+00 4.122220377516744527e+00 4.315689624897693477e+00 4.486750688462711523e+00 4.637872817825164695e+00 4.762103660309025877e+00 4.873101782913056290e+00 4.973860596623191910e+00 5.057456531259179044e+00 5.161164526076138515e+00 5.250659217571667092e+00 5.315604920950224077e+00 5.396358179735356586e+00 5.443459427061216438e+00
8.864598293037315724e-01 2.085263075629840479e+00 2.797868838060900032e+00 3.297251210793002763e+00 3.680782696330526349e+00 3.987912553872911214e+00 4.243657795826164758e+00 4.462482262452482473e+00 4.654595734071959257e+00 4.812579408910723444e+00 4.967025765542366855e+00 5.097497957880976038e+00 5.214542176087428871e+00 5.328124154624862996e+00 5.433149127185312288e+00 5.525600866097406971e+00 5.599175592416666625e+00 5.689424555654665205e+00 5.769756166252616225e+00
1.690052037415131103e+00 2.934818967043632654e+00 3.656368962533740774e+00 4.157026998918930794e+00 4.534138668507931236e+00 4.834866923645924075e+00 5.085915775433405450e+00 5.301450720158107366e+00 5.480973605162422047e+00 5.641158672308760558e+00 5.776540748350179832e+00 5.904658698780540504e+00 6.019476220376326125e+00 6.122168110552769882e+00 6.215983240930055054e+00 6.309508628656268492e+00 6.381075985902520564e+00 6.455090185720736784e+00 6.535419758212691832e+00
2.743511552365192507e+00 4.095529287129720863e+00 4.888196852223842370e+00 5.450414898703942690e+00 5.885310921992912725e+00 6.239081977620211994e+00 6.536509534871387750e+00 6.794038223183274106e+00 7.019943202062937537e+00 7.222206340699728777e+00 7.403194470264225835e+00 7.566427611328895075e+00 7.718438076100003542e+00 7.855329113427428567e+00 7.986257245289083428e+00 8.107499762417932132e+00 8.221057392866471858e+00 8.326476313768280235e+00 8.423260188930695946e+00
4.215099317981987337e-01 1.296812438243861276e+00 1.839530367949232970e+00 2.233611661552599159e+00 2.542778963362724909e+00 2.794203464745468324e+00 3.010353661458639252e+00 3.190809670217158889e+00 3.351338343323047031e+00 3.488571687641246921e+00 3.622187989231942851e+00 3.731114488896372094e+00 3.839222558891916659e+00 3.934404366042722589e+00 4.016490341834241029e+00 4.101740888560119203e+00 4.175520145308979636e+00 4.248120045030883141e+00 4.303762603634001316e+00
2.103995009103306391e+00 3.413022933808832704e+00 4.164378061349119697e+00 4.687494645607535482e+00 5.085217534702512587e+00 5.400347589862743547e+00 5.663827521335245585e+00 5.890234778562541074e+00 6.080009697511195910e+00 6.246472869674894568e+00 6.392764821845814183e+00 6.530055931213754938e+00 6.657097732423320480e+00 6.762810667370732887e+00 6.863699381262293286e+00 6.965087291949886961e+00 7.046203274576381403e+00 7.133817929151909709e+00 7.200704701075860470e+00
1.176357314147546740e+00 2.357525838536436602e+00 3.081409838426763859e+00 3.602719556069520213e+00 4.008760522934022852e+00 4.343661561818804806e+00 4.624388094954626993e+00 4.865640329587307633e+00 5.080745719908353664e+00 5.271827373932382876e+00 5.443302255899797437e+00 5.599298481309107345e+00 5.739546425443981192e+00 5.871439930769487781e+00 5.990645671298467256e+00 6.110270484814013692e+00 6.207228602519835547e+00 6.314803033914644814e+00 6.407186821982944203e+00
-1.135947858759037837e-01 1.116473697158001599e+00 1.842171549098526873e+00 2.349639792630078272e+00 2.743586080403538130e+00 3.064486192625946792e+00 3.316841289117971936e+00 3.539031066328259811e+00 3.756993380468576227e+00 3.910325460787376528e+00 4.056175179979145007e+00 4.209535871179979516e+00 4.336473243463655258e+00 4.435087558738042723e+00 4.540737655508420012e+00 4.605857935285626148e+00 4.741851064335399712e+00 4.813427015496339223e+00 4.895607832448042096e+00
2.181651604712138592e+00 3.461778768384086824e+00 4.207146661959925815e+00 4.726178812756342218e+00 5.121676227356835476e+00 5.441838549752489484e+00 5.703014662533680834e+00 5.930964405819276308e+00 6.127277547754975018e+00 6.292705723087340886e+00 6.448624433275151446e+00 6.583487594128349940e+00 6.706448804854016288e+00 6.823711092123622812e+00 6.922997382878294026e+00 7.017788918076740323e+00 7.114999078115155307e+00 7.191308493581894723e+00 7.270495070031980589e+00
8.668266548700345187e-01 2.090923575777451582e+00 2.837690425895912139e+00 3.377088944422158345e+00 3.798773301163033800e+00 4.146218509954897158e+00 4.439772698478911650e+00 4.694346729395026507e+00 4.919590448502717095e+00 5.119406789249431711e+00 5.302646596999768036e+00 5.468052375569054213e+00 5.621259049617412629e+00 5.762099092681040702e+00 5.893444489664821262e+00 6.015219547901088148e+00 6.129124951470364735e+00 6.237161092173894694e+00 6.338908535019071699e+00
1.128196208474149920e+00 2.307288518024760204e+00 3.003017923239593046e+00 3.491245223219590965e+00 3.861896202787510113e+00 4.156182926095975283e+00 4.405450731222736671e+00 4.609883050174546248e+00 4.786725599553053989e+00 4.944589147763331916e+00 5.083683809336034365e+00 5.208631909286590478e+00 5.328257083735358890e+00 5.420360593448700470e+00 5.512592938929815389e+00 5.608181538882110573e+00 5.677956330830332021e+00 5.767101861323356005e+00 5.828505922513087967e+00
3.415205730464261347e-01 1.382284477200084849e+00 2.019869336127830373e+00 2.482776140998832926e+00 2.835812029916261690e+00 3.125474506728978419e+00 3.359738311788233123e+00 3.570675398762449326e+00 3.755627756179662491e+00 3.910501048290075943e+00 4.048390969429398467e+00 4.176351616697718150e+00 4.308917417707236019e+00 4.393137368438552848e+00 4.477652032276212779e+00 4.583500864345343651e+00 4.652221149760292995e+00 4.751169789993954673e+00 4.806243951648150770e+00
1.659791631887800545e+00 2.946445631696703593e+00 3.676902212744360465e+00 4.182512788841249218e+00 4.562485432492387361e+00 4.862397702267473143e+00 5.112059131495170661e+00 5.311924886304286275e+00 5.498153361885283807e+00 5.660010588673013210e+00 5.787449658969952893e+00 5.914893533321744279e+00 6.022553688999845889e+00 6.140217363890786650e+00 6.223499463899241135e+00 6.304622367019331541e+00 6.386497689447758752e+00 6.458024673271572702e+00 6.542203898280742891e+00
-5.564194645672879691e-01 4.346681197066742386e-01 1.045383024659957805e+00 1.485498989922120705e+00 1.830336849194899917e+00 2.106142934825194324e+00 2.340290035115242695e+00 2.537423153349115612e+00 2.717863061384992562e+00 2.862591570023238496e+00 3.001634908760622888e+00 3.127123149268725921e+00 3.229688838156011599e+00 3.334592494722133704e+00 3.419631766564899866e+00 3.516066649095279217e+00 3.581844166134247498e+00 3.661736202417214869e+00 3.732904848873259240e+00
-3.782519872946708550e-01 7.791732108819622304e-01 1.450733896652273591e+00 1.914929888787471501e+00 2.271695766571768527e+00 2.545563512108384163e+00 2.768941429499054863e+00 2.960436752786827608e+00 3.125418322015498518e+00 3.279089717346355570e+00 3.392778154950616187e+00 3.507068723337169569e+00 3.640199669201016341e+00 3.702293788142904329e+00 3.789253202637076878e+00 3.875936491562721908e+00 3.946163394686045045e+00 4.003692603179970000e+00 4.083694794199110412e+00
2.804274831669408830e-01 1.593287779302155593e+00 2.345905565622689704e+00 2.872968123360704062e+00 3.273095875158213541e+00 3.587856166887093856e+00 3.853471425707358122e+00 4.079919706904389543e+00 4.275694462711338240e+00 4.443813087537190398e+00 4.607511761937857386e+00 4.731110674096854929e+00 4.859993641779643880e+00 4.975874677700306670e+00 5.071423775566819891e+00 5.174284735669114177e+00 5.258867546261955184e+00 5.337419831853780217e+00 5.422088341475994611e+00
3.003574885415348561e+00 4.348133715531832699e+00 5.135644486784464391e+00 5.692561563794075852e+00 6.122042043392179167e+00 6.471397873032500137e+00 6.764956150221236975e+00 7.017281947925192220e+00 7.238826443142071909e+00 7.435749705699803869e+00 7.611733175359435499e+00 7.773469097967919517e+00 7.918849927985448289e+00 8.054177190417208365e+00 8.180380789829159838e+00 8.294144441397262923e+00 8.405114993624311026e+00 8.506127574864413177e+00 8.602085177435277785e+00
3.862326077108762412e+00 5.237008825792252686e+00 6.039692139861287501e+00 6.607962253720456758e+00 7.047197171604969945e+00 7.405246567855757078e+00 7.707358940449141826e+00 7.967955987003495721e+00 8.196371223218534396e+00 8.401396677436871130e+00 8.585672298849090112e+00 8.753506658256846151e+00 8.907278292103546491e+00 9.049070306086919757e+00 9.181524406787691106e+00 9.305012013810403104e+00 9.419311478554490691e+00 9.527947839331128321e+00 9.630292250628002648e+00
3.818190803244295717e-01 1.267082362780101112e+00 1.805870597194136895e+00 2.191896959423424107e+00 2.491913249178743683e+00 2.731209956306523079e+00 2.936892948581220963e+00 3.103662420114183806e+00 3.256750623117318888e+00 3.386873857416728750e+00 3.503633200221838440e+00 3.598664892054274311e+00 3.710640052480200346e+00 3.791242462362268473e+00 3.878161249983392622e+00 3.948467098100924222e+00 4.011134665789989562e+00 4.086833867691723299e+00 4.135318370491733120e+00
1.059945509618647419e+00 2.268771254619408761e+00 2.989217365501362966e+00 3.499396553230476492e+00 3.887702912585913051e+00 4.207441048037397380e+00 4.466517354843756671e+00 4.693386147906002392e+00 4.882677585874639625e+00 5.059736529674893291e+00 5.206923836921456328e+00 5.353642186810365189e+00 5.467225437934377652e+00 5.587110437354271930e+00 5.690041504191368560e+00 5.786724231114228623e+00 5.880992749658728869e+00 5.946528027402146144e+00 6.033524173132288837e+00
1.575612211811600272e+00 2.893793135516855131e+00 3.657353746693564833e+00 4.193691165135418508e+00 4.600474728042014405e+00 4.930185111033992484e+00 5.206536242759046473e+00 5.438071403712710250e+00 5.637950166337273750e+00 5.818837432416901656e+00 5.980839911879778370e+00 6.122657502235879790e+00 6.256796664237580075e+00 6.369032715720401860e+00 6.490163841349579243e+00 6.588911956834319739e+00 6.677977197435417622e+00 6.766082682659712688e+00 6.846339430060958797e+00
1.780472390247046066e+00 3.062472394725742397e+00 3.817347867385928240e+00 4.347698728432284554e+00 4.754792977530514442e+00 5.080818591567624942e+00 5.357564208247318938e+00 5.591251148864429865e+00 5.795713930269767111e+00 5.971422888839400756e+00 6.133165733496296568e+00 6.282660233466479838e+00 6.411078515089313257e+00 6.534326193120658210e+00 6.639707837915441502e+00 6.736791652150154519e+00 6.842249183830624304e+00 6.922688636533182560e+00 7.006412749210672253e+00
2.127047956550641494e+00 3.439175507036048796e+00 4.196850988969411667e+00 4.723785844209190010e+00 5.125082829732979128e+00 5.444596615644519133e+00 5.708597601995536230e+00 5.934785777039424559e+00 6.133961590097304573e+00 6.297350515422066586e+00 6.455398567604592408e+00 6.595335058868114331e+00 6.713572919924264859e+00 6.826783876857346556e+00 6.932403894779251452e+00 7.025154337979386376e+00 7.114786154171756749e+00 7.197616317354712301e+00 7.275349502842354710e+00
1.564107956208366401e+00 2.907562294431941918e+00 3.690308490099801553e+00 4.243515930964449900e+00 4.668426263913940666e+00 5.013059248764261788e+00 5.301557353000212913e+00 5.550020125091774226e+00 5.763755976617843224e+00 5.958240923765539598e+00 6.126906544000159549e+00 6.286259763934582523e+00 6.429632628276429784e+00 6.557305641000951368e+00 6.680206438183634354e+00 6.793363658951729889e+00 6.895102002749218251e+00 6.997371678738369738e+00 7.083323463658169672e+00
1.234868553558164717e+00 2.515808106345667206e+00 3.280045347539132905e+00 3.823788005584263239e+00 4.243560932032526267e+00 4.586067749274650218e+00 4.876620529264028114e+00 5.124094227531335477e+00 5.341649467119114369e+00 5.536546951689398810e+00 5.709517768137269300e+00 5.868622879697989347e+00 6.014813954624594672e+00 6.149288338434823586e+00 6.270603522612765879e+00 6.383662959627289801e+00 6.491319590339491796e+00 6.589445141552928931e+00 6.685748924877024102e+00
9.901926900408227761e-01 2.344686325837032292e+00 3.141703040850383211e+00 3.707852426907239707e+00 4.146654942023769941e+00 4.504779371350816852e+00 4.807382229811370422e+00 5.068495533733964109e+00 5.298586285047949929e+00 5.504264775282535105e+00 5.689333240428172900e+00 5.858901505801735077e+00 6.013586849324293659e+00 6.156877623911724662e+00 6.289906759731040076e+00 6.413995986341664235e+00 6.531123416907862911e+00 6.639727182985622811e+00 6.743867564543023718e+00
2.864937207588200141e-01 1.115724938836770264e+00 1.627299770206482865e+00 2.003911579827327039e+00 2.301014581544748250e+00 2.541639643350451561e+00 2.750738866395459059e+00 2.929886605348604345e+00 3.088103944052297045e+00 3.224325123148965133e+00 3.351695072678121168e+00 3.463356667675282718e+00 3.571575011199231930e+00 3.664448946010257835e+00 3.756414841515010039e+00 3.835226419320723501e+00 3.911983447341192299e+00 3.993811818973455274e+00 4.051549691518939511e+00
1.338736242119693776e+00 2.670946743080979680e+00 3.439433370915740085e+00 3.976122689764022944e+00 4.384326787331422004e+00 4.713719030196878990e+00 4.988838615771399532e+00 5.220428038356912381e+00 5.424093786615729940e+00 5.599623891652775853e+00 5.762673301374635848e+00 5.902630264224826284e+00 6.036237849240241538e+00 6.150799108078619959e+00 6.257918235840539189e+00 6.360431286264516260e+00 6.454678887041409574e+00 6.541612398635562542e+00 6.614090810028049994e+00
1.775220975598962081e+00 3.121004041667122753e+00 3.898040213863123160e+00 4.440843143908658419e+00 4.856134298547944539e+00 5.189085171849544764e+00 5.469947049517863924e+00 5.709739542392090250e+00 5.916695853883775946e+00 6.096154337465236495e+00 6.258250445009117868e+00 6.407836899019875077e+00 6.541743963974438358e+00 6.664103729027027967e+00 6.778537211484448655e+00 6.879260580597556185e+00 6.975524014506886417e+00 7.069801234309413651e+00 7.153790484148555784e+00
