4.979066970083362520e+00 2.314581945667091856e-01 2.067640349533966110e-02 9.979637844539748000e-04
8.853837800453911555e+00 3.235044781281297133e-01 2.952402069364326587e-01 5.779931501528143105e-03
3.323655782925831748e+00 2.744147817662036526e-01 1.000051997279011728e-01 4.355917490808621124e-03
1.362355919852970487e+01 5.460338009386790648e-02 1.977513134820928775e-01 4.161576292006069662e-03
1.584882488419039426e+01 2.580619853624883664e-01 7.694577393392965092e-02 3.180470250640754157e-03
6.346040049266475691e+00 2.445200651410938952e-01 1.040642708668501337e-01 4.616742833298600329e-03
8.878902931674314658e+00 2.748712253434079100e-01 2.897293594701884634e-01 1.639478832688287232e-03
1.650747623994637081e+01 3.099634121687797061e-01 1.634738445561161879e-01 6.285989914930987382e-03
1.625200891840044548e+01 2.361883243728708781e-01 2.764957954044537924e-01 3.022525686435032378e-03
1.679665997892761808e+01 2.303470339591735805e-01 4.670257289482357410e-02 1.108728620677816232e-03
