1.510007855224373863e+00 3.510287025850891585e+00 4.796053380019195345e+00 5.721267510147558077e+00 6.429671414508332461e+00 6.994816212423675239e+00 7.459029900848858752e+00 7.848751428977940314e+00 8.181537625394016189e+00 8.469612201500952509e+00 8.721811069366340874e+00 8.944717903186390373e+00 9.143361934484621756e+00 9.321665429456036378e+00 9.482741162791445078e+00 9.629096356852876681e+00 9.762776272861689364e+00 9.885467695155622181e+00 9.998575058870759591e+00
4.864442792005378990e+00 7.571159182548698574e+00 9.130527658515386946e+00 1.021967034436694632e+01 1.105125617886197986e+01 1.172007525756644775e+01 1.227670682297438631e+01 1.275134750819011664e+01 1.316347708612810941e+01 1.352639739431726618e+01 1.384959675929134093e+01 1.414008140339995023e+01 1.440317215688691910e+01 1.464300510238948760e+01 1.486285909159263952e+01 1.506537735232980957e+01 1.525272179886997215e+01 1.542668317115918697e+01 1.558876135762165482e+01
7.576428680848014352e+00 1.032068852603878639e+01 1.191450159256349650e+01 1.303731022942982776e+01 1.390207359463370729e+01 1.460365326695881905e+01 1.519265229692570429e+01 1.569927656757271528e+01 1.614300967480351545e+01 1.653715499010028367e+01 1.689120134176803489e+01 1.721215498590428794e+01 1.750533659516941754e+01 1.777488204898180868e+01 1.802407003146740649e+01 1.825554368611631517e+01 1.847146495495088914e+01 1.867362473579120419e+01 1.886352321647465047e+01
5.985118037666110169e+00 8.671812708829737204e+00 1.020998648714927093e+01 1.127809717655582133e+01 1.208898352071579119e+01 1.273747985661431770e+01 1.327418203173666633e+01 1.372929453229012431e+01 1.412230141513285808e+01 1.446650700305087334e+01 1.477140101299875319e+01 1.504399027632347696e+01 1.528959560385033356e+01 1.551235251160015238e+01 1.571553878449403818e+01 1.590179611360338363e+01 1.607328442812532643e+01 1.623179205219065935e+01 1.637881604342619113e+01
2.475840757856479168e+00 5.122086155085379566e+00 6.634676766858033758e+00 7.679940555636096455e+00 8.469154666232757478e+00 9.096758142303787764e+00 9.613208972618151549e+00 1.004865316571674150e+01 1.042254614221722164e+01 1.074817627661615305e+01 1.103502311377394385e+01 1.129008597660053148e+01 1.151867930754505664e+01 1.172493260126707426e+01 1.191211753838259035e+01 1.208286938558571144e+01 1.223934119903150197e+01 1.238331391688518046e+01 1.251627667355328910e+01
1.056301647541319388e+00 3.294872845929316174e+00 4.698696319349227934e+00 5.698428160052813496e+00 6.463037180437098961e+00 7.074991953212020235e+00 7.580322686868270488e+00 8.007224758399280162e+00 8.374181739784642531e+00 8.693951399816507219e+00 8.975702252076542820e+00 9.226240575668583688e+00 9.450755179033411224e+00 9.653290411117190217e+00 9.837058154984919867e+00 1.000465031246982051e+01 1.015818754895490983e+01 1.029942593069601564e+01 1.042983498845086388e+01
3.771125050395867984e+00 6.360039448870302259e+00 7.826933402847821242e+00 8.829682791570556688e+00 9.578427344029959656e+00 1.016731202846136384e+01 1.064668856217680748e+01 1.104665280625776447e+01 1.138662884674767817e+01 1.167987948233230711e+01 1.193585921644443815e+01 1.216154061938270026e+01 1.236220871333247295e+01 1.254196056898596368e+01 1.270403242928129117e+01 1.285102128281616096e+01 1.298503934778384128e+01 1.310782450787320386e+01 1.322082100424498030e+01
4.049034867586112973e+00 6.653151297486342486e+00 8.111678940174204655e+00 9.102783465876571611e+00 9.839279775159473829e+00 1.041600251903417984e+01 1.088354688974696849e+01 1.127211053958395048e+01 1.160116307628105758e+01 1.188398640543638685e+01 1.213003994043903155e+01 1.234629263544527156e+01 1.253802031270130257e+01 1.270930695708513269e+01 1.286337292599633919e+01 1.300279728637638499e+01 1.312967287900842273e+01 1.324571722116594330e+01 1.335235358744074752e+01
3.819959402054369235e+00 6.578771286989323563e+00 8.187420816190641659e+00 9.325044824972946955e+00 1.020456458145337564e+01 1.092083214558975079e+01 1.152444716861688434e+01 1.204561399754100748e+01 1.250381539497559480e+01 1.291235420742466644e+01 1.328071889033502551e+01 1.361591540981154225e+01 1.392326419788023628e+01 1.420690092530640847e+01 1.447010409000999154e+01 1.471551666624256249e+01 1.494530044048253714e+01 1.516124616668206038e+01 1.536485389920806988e+01
2.511614217865000942e+00 5.187123481711026329e+00 6.728520204045374875e+00 7.801963887311800683e+00 8.618720116038186774e+00 9.273225274708172705e+00 9.815935671208432467e+00 1.027699614474315126e+01 1.067586161028338410e+01 1.102582074570076287e+01 1.133635429992071586e+01 1.161446375147607490e+01 1.186546667317058557e+01 1.209349666864953399e+01 1.230183049586671373e+01 1.249310944591010220e+01 1.266949351615947172e+01 1.283277146517909451e+01 1.298444108303566225e+01
7.588241199635914924e+00 1.033043020325002637e+01 1.192249517595992003e+01 1.304361298941673475e+01 1.390670983735975597e+01 1.460663913190603402e+01 1.519400113091910853e+01 1.569900056490759255e+01 1.614112049442023533e+01 1.653366402342786046e+01 1.688611984155948065e+01 1.720549413311646703e+01 1.749710753569353017e+01 1.776509591463274873e+01 1.801273795226561347e+01 1.824267679751366344e+01 1.845707440199697302e+01 1.865772167538059279e+01 1.884611881835212088e+01
3.336706361240795893e+00 5.961335610626299797e+00 7.440687106645753168e+00 8.451906084340835790e+00 9.207671760526022098e+00 9.802783430176411628e+00 1.028782635203244666e+01 1.069299901428777311e+01 1.103777847647911869e+01 1.133545914580957081e+01 1.159551719280327120e+01 1.182494204015162076e+01 1.202903322427586019e+01 1.221190124326345661e+01 1.237679532128573179e+01 1.252632529969299213e+01 1.266261626005462304e+01 1.278741899775190305e+01 1.290219069383118367e+01
1.445490046728342914e+00 3.245077039042488121e+00 4.416295020014303851e+00 5.272272139854231376e+00 5.933593938765618248e+00 6.463606882469803416e+00 6.899878260834741539e+00 7.266421997746268957e+00 7.579453422816634145e+00 7.850397659867034861e+00 8.087582773257958380e+00 8.297249244740079632e+00 8.484180892942136509e+00 8.652115094512234705e+00 8.804018650195510887e+00 8.942278777057284245e+00 9.068838736979019544e+00 9.185296320089927136e+00 9.292976776915057968e+00
6.284372199915892132e+00 9.033056864305942568e+00 1.063418676373599148e+01 1.176469905499526547e+01 1.263724147684411214e+01 1.334659820880840186e+01 1.394334555442545387e+01 1.445767809457872310e+01 1.490907393682779691e+01 1.531083349456707055e+01 1.567244386391289801e+01 1.600091021440651673e+01 1.630155249599035372e+01 1.657850608242459600e+01 1.683504928827119684e+01 1.707382497669926025e+01 1.729699487042117312e+01 1.750634969134381436e+01 1.770338948346244479e+01
2.282716629034051703e+00 4.607584595459409904e+00 5.998631445748127788e+00 6.962816856836091972e+00 7.685590266709426466e+00 8.254287122899297557e+00 8.716753144554681754e+00 9.101973913934338967e+00 9.428811171051215467e+00 9.710210889219865749e+00 9.955431845563753157e+00 1.017131507429142623e+01 1.036305003979609474e+01 1.053465936057584962e+01 1.068931772260753199e+01 1.082956876926866840e+01 1.095747685799985405e+01 1.107473589383029733e+01 1.118274908259465050e+01
3.262988206209607167e+00 5.983993725895133231e+00 7.565722393072410235e+00 8.678198347246176780e+00 9.533196327163826922e+00 1.022528229790398058e+01 1.080495715570499726e+01 1.130238385536492629e+01 1.173702542304155827e+01 1.212217440558482195e+01 1.246731352500914980e+01 1.277944540621886915e+01 1.306388847301885470e+01 1.332477716733238005e+01 1.356538923116050377e+01 1.378836717775594600e+01 1.399587251981228064e+01 1.418969585720481241e+01 1.437133716630404301e+01
4.525038268313431367e+00 7.207336624272748793e+00 8.740043196436760198e+00 9.802635604185432783e+00 1.060808229286621440e+01 1.125125089369814013e+01 1.178274926566125202e+01 1.223278720496274730e+01 1.262085140564833097e+01 1.296024754121381228e+01 1.326046594869896289e+01 1.352851359903277384e+01 1.376971108582919179e+01 1.398819341777901570e+01 1.418723762156514567e+01 1.436948440447744524e+01 1.453709250458214974e+01 1.469184886198923223e+01 1.483524896997460907e+01
3.699903231596295861e+00 6.383762404902247667e+00 7.972272337755631710e+00 9.098332733878136125e+00 9.968828731463473147e+00 1.067709507381527700e+01 1.127320593129496018e+01 1.178714442380338312e+01 1.223828694479882806e+01 1.263988000540040879e+01 1.300137994423612575e+01 1.332977332451442720e+01 1.363036829477690759e+01 1.390729244433185485e+01 1.416381878072531464e+01 1.440258644572646141e+01 1.462575448824173208e+01 1.483511166782542290e+01 1.503215656109370535e+01
3.999459350756826126e+00 6.612097461199854642e+00 8.092019490480765853e+00 9.105675444197990132e+00 9.864350381098999421e+00 1.046248565950268627e+01 1.095053977103080101e+01 1.135865701891552249e+01 1.170628852235116568e+01 1.200671556407132634e+01 1.226940774734493900e+01 1.250135163295794349e+01 1.270784617225358382e+01 1.289300277779911674e+01 1.306007263103060723e+01 1.321166828418111017e+01 1.334991808664763902e+01 1.347657651566564674e+01 1.359310473823766330e+01
7.981054011359816514e+00 1.069643820743647389e+01 1.226159471022356051e+01 1.335602878932613002e+01 1.419270867120011737e+01 1.486649923154553044e+01 1.542800549759497741e+01 1.590743485535187673e+01 1.632427215842415436e+01 1.669182186691108072e+01 1.701957375772190062e+01 1.731453490760046066e+01 1.758202668708486982e+01 1.782618555290975593e+01 1.805029064681950146e+01 1.825698545049380783e+01 1.844843212475576522e+01 1.862642166683675171e+01 1.879245424465690917e+01
5.869480100897102481e+00 8.477793653988758393e+00 9.938887554202613828e+00 1.093219414708174675e+01 1.167069139587935567e+01 1.224925591601379260e+01 1.271849840513141672e+01 1.310862419311951044e+01 1.343910793730568543e+01 1.372323575164330300e+01 1.397047111031868383e+01 1.418778716109428295e+01 1.438046415560175184e+01 1.455259076302943022e+01 1.470739225697600716e+01 1.484745280786122912e+01 1.497487049230013589e+01 1.509136813720870585e+01 1.519837434271377852e+01
6.480917036990859970e+00 9.238300466560273705e+00 1.084516972582248151e+01 1.198096023124236531e+01 1.285863091592420382e+01 1.357304321939740532e+01 1.417480003605954586e+01 1.469410708577351876e+01 1.515044780111461620e+01 1.555712539344980172e+01 1.592362853585196802e+01 1.625696333496253843e+01 1.656245032027377206e+01 1.684422523464472832e+01 1.710556663246670439e+01 1.734911753447514471e+01 1.757703976703654192e+01 1.779112411950983841e+01 1.799287067854567113e+01
3.256323686507990978e+00 5.880796489652159842e+00 7.357362019345913495e+00 8.365519370469664651e+00 9.118251495559626107e+00 9.710435660478850650e+00 1.019268446581973286e+01 1.059520748986772709e+01 1.093748623634668249e+01 1.123281626483965745e+01 1.149067298426974659e+01 1.171804379003766172e+01 1.192022527254877318e+01 1.210132427669358002e+01 1.226458581269208103e+01 1.241261506025597150e+01 1.254753208625683669e+01 1.267108240160318289e+01 1.278471770833070664e+01
9.243170926138024157e+00 1.199812082754569253e+01 1.360239975496149967e+01 1.473559141093916836e+01 1.561067236744369779e+01 1.632250840261468738e+01 1.692170390725260987e+01 1.743846523589203912e+01 1.789227613230580616e+01 1.829643997836717872e+01 1.866044554937897715e+01 1.899129901808226251e+01 1.929432095952621751e+01 1.957364714968998598e+01 1.983255616811329958e+01 2.007369105528892916e+01 2.029921365350258000e+01 2.051091476516130996e+01 2.071029448771387749e+01
6.700185655634421700e+00 9.380873604755244344e+00 1.091200227948424306e+01 1.197305078302247239e+01 1.277698798815066006e+01 1.341868179883439716e+01 1.394874027236787128e+01 1.439737334287850246e+01 1.478406778505655694e+01 1.512212929648439896e+01 1.542104818195675264e+01 1.568783132410364622e+01 1.592779917269529300e+01 1.614508653783873271e+01 1.634297019401351747e+01 1.652409054412298062e+01 1.669060597140551749e+01 1.684430301273198793e+01 1.698667671202411000e+01
4.493210016439741494e+00 7.202059870492172777e+00 8.767746735079947840e+00 9.863744206126993319e+00 1.070226031241627140e+01 1.137796916450979268e+01 1.194140935793449287e+01 1.242276005827626051e+01 1.284149239351904193e+01 1.321090345690050505e+01 1.354047876615119073e+01 1.383722279195066562e+01 1.410645524157104980e+01 1.435231147926038453e+01 1.457806991870614866e+01 1.478637355786589502e+01 1.497938424535038493e+01 1.515889279191931749e+01 1.532639927506603605e+01
3.871780562574035134e+00 6.429697142774795537e+00 7.876672029109930584e+00 8.861920110850499910e+00 9.594387055286475174e+00 1.016790351634975842e+01 1.063270534790679278e+01 1.101883338198857132e+01 1.134567845644497019e+01 1.162647825287391434e+01 1.187066484395384158e+01 1.208518872528724231e+01 1.227531220731407302e+01 1.244510865042954073e+01 1.259778954696303366e+01 1.273592622084837700e+01 1.286160452518438113e+01 1.297653553270632365e+01 1.308213649477161944e+01
5.150041451630871236e+00 7.861022255165738493e+00 9.421986285136615180e+00 1.051231435593243546e+01 1.134495942069141172e+01 1.201478278719288006e+01 1.257238843861587263e+01 1.304798346415654287e+01 1.346105267775634751e+01 1.382490058825253243e+01 1.414901704185771258e+01 1.444040917455226669e+01 1.470439839090709455e+01 1.494512114846371631e+01 1.516585655207449257e+01 1.536924800626332299e+01 1.555745755297074417e+01 1.573227602803921599e+01 1.589520339516899661e+01
2.431361580310127390e+00 4.815449348692072640e+00 6.319942761223582117e+00 7.405524642274032843e+00 8.249431078131236106e+00 8.936885951276817508e+00 9.515040973762426191e+00 1.001262010671076830e+01 1.044838482270774271e+01 1.083525216236983901e+01 1.118248887389185420e+01 1.149696606235727003e+01 1.178391824986806036e+01 1.204742424903276543e+01 1.229072369896124428e+01 1.251643228006257935e+01 1.272669215102271068e+01 1.292327965855854544e+01 1.310768408969088128e+01
5.204342051031317418e+00 7.897065906256357515e+00 9.440757954293166776e+00 1.051420958695809915e+01 1.133030110965778725e+01 1.198387684451827440e+01 1.252553579284097829e+01 1.298548358245959200e+01 1.338320473678594347e+01 1.373200383272790148e+01 1.404137081543790444e+01 1.431831280248164795e+01 1.456815098970987954e+01 1.479502139762518809e+01 1.500220244544023984e+01 1.519233659294268612e+01 1.536758467360854397e+01 1.552973605026620518e+01 1.568028895090525054e+01
5.190509450171618688e+00 7.912471927823937712e+00 9.495336664731288678e+00 1.060896713864573471e+01 1.146511810265109510e+01 1.215835058830697513e+01 1.273916378851290787e+01 1.323771993014145387e+01 1.367348167555048732e+01 1.405974136553521348e+01 1.440598159265485378e+01 1.471920489324207715e+01 1.500472962626147577e+01 1.526669018369821806e+01 1.550836426770819187e+01 1.573239435904680406e+01 1.594094194362847539e+01 1.613579759926700419e+01 1.631846128435678267e+01
3.082113935371430635e+00 5.773699425738892721e+00 7.318064082722840702e+00 8.392434962816967214e+00 9.209494467115924010e+00 9.864036927346971240e+00 1.040664379602581846e+01 1.086751318395619315e+01 1.126612593826221342e+01 1.161578466974583890e+01 1.192597821364037713e+01 1.220371305047003219e+01 1.245431002404576937e+01 1.268190498893813789e+01 1.288977632924762773e+01 1.308056656786603966e+01 1.325643667937885617e+01 1.341917623256570913e+01 1.357028371718664417e+01
2.796320113580166744e+00 5.524581414200070206e+00 7.125549419032014775e+00 8.258959083712410276e+00 9.135279556534364076e+00 9.848752247016165029e+00 1.044976632675551720e+01 1.096843780808086422e+01 1.142420708298804577e+01 1.183035460306500219e+01 1.219635607972861457e+01 1.252920979328834150e+01 1.283423131838391384e+01 1.311555313563748548e+01 1.337645157967751786e+01 1.361956811778456888e+01 1.384706346248945508e+01 1.406072758745848361e+01 1.426205997076942289e+01
1.856993374471004765e+00 4.257471759378560705e+00 5.789787829723183066e+00 6.904898281115408487e+00 7.778613056356653566e+00 8.495844265548180729e+00 9.103659293065055280e+00 9.630757372039717268e+00 1.009589331062462492e+01 1.051198333577513999e+01 1.088829522741465716e+01 1.123170157622765331e+01 1.154743835928316820e+01 1.183958566127974521e+01 1.211138418233213088e+01 1.236545046755360211e+01 1.260392737230072768e+01 1.282859180138159871e+01 1.304093348777250227e+01
4.210009725444795237e+00 6.821142653173563275e+00 8.304147288748744415e+00 9.321473210276337795e+00 1.008387728887748125e+01 1.068566491713443867e+01 1.117724656752791645e+01 1.158874640603270123e+01 1.193960650511375299e+01 1.224310434748715615e+01 1.250870860576568333e+01 1.274340668528877174e+01 1.295249959578605292e+01 1.314010170203746597e+01 1.330946782863080635e+01 1.346321471920461477e+01 1.360347535283852238e+01 1.373200918370277357e+01 1.385028262391437970e+01
1.080476461699209745e+00 3.365925488657307341e+00 4.720920680149811588e+00 5.651589875661858997e+00 6.342889936345282642e+00 6.881938665294210722e+00 7.316465893672555509e+00 7.675379329749492108e+00 7.977476229680630304e+00 8.235641259958093485e+00 8.459070785917317536e+00 8.654540745305412841e+00 8.827172569881692965e+00 8.980918335239534755e+00 9.118880436783040722e+00 9.243529384522359393e+00 9.356856488855783027e+00 9.460483573871675489e+00 9.555743515958079470e+00
3.915758476441030811e-02 2.520004788574616406e+00 4.006322112007795866e+00 5.049717844962742674e+00 5.844401674881434694e+00 6.480301410981666344e+00 7.006262188571497518e+00 7.451734041987622348e+00 7.835830833213217161e+00 8.171657036441997590e+00 8.468586198810758248e+00 8.733553451490648101e+00 8.971833047077421242e+00 9.187528880100819251e+00 9.383896350378808648e+00 9.563560663633566605e+00 9.728669132031640743e+00 9.881000052386296417e+00 1.002204221704164411e+01
2.861479057609091825e+00 5.409705791580739387e+00 6.841931833905313454e+00 7.812338460037120846e+00 8.530541863558671167e+00 9.090543040247629492e+00 9.542632257152831698e+00 9.916865069989510673e+00 1.023262884476193157e+01 1.050314731259364720e+01 1.073783153404303725e+01 1.094360579684065904e+01 1.112570225078140496e+01 1.128816110833091102e+01 1.143415854903859952e+01 1.156622914982142269e+01 1.168642123833802060e+01 1.179640816778418078e+01 1.189756978744662241e+01
6.087642867186326967e+00 8.677711969671285885e+00 1.012209919745767017e+01 1.109961519456598822e+01 1.182316102133922087e+01 1.238759261511462384e+01 1.284350898503024752e+01 1.322110350267919898e+01 1.353983614524346635e+01 1.381297497170872823e+01 1.404996200131044937e+01 1.425774577495812956e+01 1.444157917232162092e+01 1.460552118669559718e+01 1.475276560904176115e+01 1.488586382666727026e+01 1.500688032741185118e+01 1.511750401118366938e+01 1.521912964091958642e+01
5.756015153285231278e+00 8.486039412632644385e+00 1.006800893825212562e+01 1.117940208778696309e+01 1.203293293683399412e+01 1.272340217209072577e+01 1.330139198027300118e+01 1.379709962381785893e+01 1.423000469270539980e+01 1.461340855694122887e+01 1.495679900715627930e+01 1.526718176090206747e+01 1.554987722487325641e+01 1.580902116659532908e+01 1.604789224668977354e+01 1.626913363531332379e+01 1.647490732814985748e+01 1.666700428910865384e+01 1.684692477509714692e+01
5.709858553888926380e+00 8.417735435382315501e+00 9.977325016000479607e+00 1.106654545323290861e+01 1.189816595051505210e+01 1.256700176750020503e+01 1.312364090348808432e+01 1.359828370371978679e+01 1.401041174018988222e+01 1.437332781174569796e+01 1.469652079857357840e+01 1.498699726163601476e+01 1.525007824891542008e+01 1.548989998928313305e+01 1.570974143656411037e+01 1.591224589260088251e+01 1.609957532722099671e+01 1.627352052355539769e+01 1.643558140476965690e+01
1.804130581299615566e+00 3.690248464266541628e+00 4.929266923228564856e+00 5.838185639844612140e+00 6.543401666139567752e+00 7.111446537412787983e+00 7.581553325090359507e+00 7.978655354463619176e+00 8.319513872796290954e+00 8.615904196951271743e+00 8.876397224347902792e+00 9.107415018530762296e+00 9.313886844015772937e+00 9.499673534291302346e+00 9.667851507271048916e+00 9.820908498895690286e+00 9.960881937282486831e+00 1.008945897910313683e+01 1.020805027566480838e+01
4.917219898503420339e+00 7.543811988911924615e+00 9.031331427702319559e+00 1.005141880722604064e+01 1.081604011492495232e+01 1.141981153625643763e+01 1.191325376210678044e+01 1.232653847472578512e+01 1.267913115476630281e+01 1.298432201543083941e+01 1.325158721893979674e+01 1.348791888089273883e+01 1.369862115671670821e+01 1.388781063406674043e+01 1.405874379557800857e+01 1.421403868672141080e+01 1.435582935802321458e+01 1.448587618263893617e+01 1.460564638838265061e+01
4.950715620019589203e+00 7.692573191791609588e+00 9.284096230264278660e+00 1.040464050933099394e+01 1.126715446491699524e+01 1.196649704831246197e+01 1.255327043783959517e+01 1.305768017993082708e+01 1.349920973500252330e+01 1.389116242583093985e+01 1.424302707324626205e+01 1.456180994677201745e+01 1.485283174348435153e+01 1.512022837301968892e+01 1.536727855264487275e+01 1.559662546023375818e+01 1.581043107241187862e+01 1.601048632117415238e+01 1.619829142768015018e+01
1.906285032368822963e+00 4.469844731978484198e+00 5.906152586100836821e+00 6.878724036386080876e+00 7.598441714865531438e+00 8.159637746852816065e+00 8.612722035727253811e+00 8.987803281175922976e+00 9.304296467820236671e+00 9.575441760573301764e+00 9.810661280247806815e+00 1.001688761304760256e+01 1.019935970695953209e+01 1.036212371018411815e+01 1.050836120478622071e+01 1.064061180580063848e+01 1.076092859755061504e+01 1.087098944513876297e+01 1.097217847743115371e+01
3.281251297018616064e+00 5.861732907876213261e+00 7.298620391055858470e+00 8.269327542101358119e+00 8.986574773976775177e+00 9.545169899981830852e+00 9.995691269740159868e+00 1.036831835090248433e+01 1.068249827660435258e+01 1.095148549019895157e+01 1.118470705895014916e+01 1.138909516597079730e+01 1.156988507660372001e+01 1.173111716419938766e+01 1.187596588853244661e+01 1.200696289920737669e+01 1.212615283422392842e+01 1.223520490211967449e+01 1.233549457130748550e+01
1.357967258328035332e+00 3.041075001250553633e+00 4.158633851611644339e+00 5.003261736942162585e+00 5.675317907880197410e+00 6.227178580975454736e+00 6.690760191025293402e+00 7.087069512933670268e+00 7.430647305368101030e+00 7.731948524806212752e+00 7.998723686840087055e+00 8.236865927057955616e+00 8.450953021890702743e+00 8.644606588050745444e+00 8.820737324326325179e+00 8.981716828384877616e+00 9.129500730091399063e+00 9.265718724205628476e+00 9.391741590125658234e+00
4.164069233207589704e+00 6.782785393817533759e+00 8.283453275324133003e+00 9.319511583304207036e+00 1.010052473214926572e+01 1.072049228137747612e+01 1.122971695204821074e+01 1.165827788549414024e+01 1.202559724028931321e+01 1.234494468900518349e+01 1.262578794040206276e+01 1.287511787563847498e+01 1.309824218796549999e+01 1.329928442808263434e+01 1.348151065519215663e+01 1.364755056873712391e+01 1.379955156328092691e+01 1.393928874281610319e+01 1.406824519957392106e+01
4.263093183243985784e+00 6.924780025612675693e+00 8.438126763357606919e+00 9.481932734228914583e+00 1.026908331600769309e+01 1.089442715012546969e+01 1.140856658067893825e+01 1.184170947282104969e+01 1.221334141770992510e+01 1.253676685850927797e+01 1.282147439213377460e+01 1.307446857388786654e+01 1.330106683481065666e+01 1.350540024920088200e+01 1.369074113864402875e+01 1.385972475193367437e+01 1.401450364363349266e+01 1.415685788186375049e+01 1.428827544214798628e+01
2.899791861665435011e-01 1.887165023572102474e+00 2.943128678448613922e+00 3.754349909942861885e+00 4.412469543905441327e+00 4.962470641480417832e+00 5.431547374208102852e+00 5.837841911445639909e+00 6.194145880800881798e+00 6.509820504141808684e+00 6.791913235124479975e+00 7.045853193926930658e+00 7.275904765643180561e+00 7.485473900932146485e+00 7.677320829081080156e+00 7.853711320637348337e+00 8.016526489997886529e+00 8.167343965921510573e+00 8.307498880238711081e+00
4.264624023775031247e+00 6.879856564156314747e+00 8.351932072988036637e+00 9.356471237044813094e+00 1.010595738707826463e+01 1.069513990593269881e+01 1.117458565712687069e+01 1.157448369475568306e+01 1.191430430805794494e+01 1.220733563634788155e+01 1.246304725175686734e+01 1.268842132123335098e+01 1.288874936198944532e+01 1.306813309078855312e+01 1.322981224654606436e+01 1.337638657104291795e+01 1.350997053873606468e+01 1.363230394533215595e+01 1.374483269672672492e+01
3.623482706806433029e+00 6.229337880055784815e+00 7.688112942967062935e+00 8.679263437302868311e+00 9.415771039645091989e+00 9.992513156932560037e+00 1.046009993905171243e+01 1.084873515028303181e+01 1.117789097869742498e+01 1.146085023975965100e+01 1.170707235182919703e+01 1.192352572797115151e+01 1.211548529247888339e+01 1.228703388706016320e+01 1.244139055397939408e+01 1.258113292577220754e+01 1.270835233021856858e+01 1.282476472588163041e+01 1.293179181020976820e+01
2.694999817299036593e+00 5.271482597719002960e+00 6.755770954808446582e+00 7.780025011579656535e+00 8.550860966313786449e+00 9.161511128192055153e+00 9.662004721487971182e+00 1.008230222924937003e+01 1.044176642270035060e+01 1.075363347600940500e+01 1.102734995390861883e+01 1.126989182551349700e+01 1.148655509710023459e+01 1.168145328761913326e+01 1.185784322482630238e+01 1.201834570083031473e+01 1.216509926228885519e+01 1.229987008345415589e+01 1.242413217829764172e+01
4.490863490699595673e+00 7.084939022809228604e+00 8.532619036415953317e+00 9.513189520181951409e+00 1.023961256377978657e+01 1.080676012464256353e+01 1.126523789627118255e+01 1.164524362410799974e+01 1.196624128565398237e+01 1.224150319673559473e+01 1.248047609234675370e+01 1.269011372313763175e+01 1.287567463298008441e+01 1.304122385865914957e+01 1.318996152221881246e+01 1.332444553226132200e+01 1.344674699190970202e+01 1.355856141982975238e+01 1.366129011941854188e+01
6.305908752407192175e+00 8.988920336662138411e+00 1.052279857236818472e+01 1.158658063823972206e+01 1.239317893522730785e+01 1.303744673684941979e+01 1.356998676571770091e+01 1.402100659542368177e+01 1.440999186664458342e+01 1.475024776774354329e+01 1.505126447748953744e+01 1.532004902648182920e+01 1.556192223179048995e+01 1.578101945988414201e+01 1.598061821194785104e+01 1.616335977486094677e+01 1.633140356279681171e+01 1.648653728150159381e+01 1.663025727321870306e+01
5.931873410436195648e+00 8.655396022359516550e+00 1.022850484735095833e+01 1.133077621265490187e+01 1.217518671491332150e+01 1.285660291177186565e+01 1.342563009364610593e+01 1.391247551022890327e+01 1.433662376070251554e+01 1.471137902977410761e+01 1.504623083730733057e+01 1.534818603931486081e+01 1.562256583097204832e+01 1.587350654395431349e+01 1.610428724810474321e+01 1.631755140807032234e+01 1.651546122353641977e+01 1.669980778707208557e+01 1.687209141867434781e+01
1.392303087938229877e+00 2.999846219244620915e+00 4.059895017131992745e+00 4.869007469544901490e+00 5.520928937378361212e+00 6.062329463993833656e+00 6.521465374779626956e+00 6.917114464114296979e+00 7.262449988960510083e+00 7.567067015092618476e+00 7.838159776577373172e+00 8.081251583016680229e+00 8.300668299428165753e+00 8.499856391398454392e+00 8.681602762310577148e+00 8.848190454729158105e+00 9.001511292029714895e+00 9.143148911651985955e+00 9.274441006830020484e+00
8.365713818552722003e+00 1.112550294642539939e+01 1.273497247660203158e+01 1.387338948204785183e+01 1.475369135243092700e+01 1.547073414098813160e+01 1.607511887315679644e+01 1.659705047328774086e+01 1.705601198214772296e+01 1.746530639462754664e+01 1.783442225200469622e+01 1.817036557351993409e+01 1.847845682612431872e+01 1.876283170483333507e+01 1.902676872529515961e+01 1.927291087536887915e+01 1.950341995246580851e+01 1.972008671969833671e+01 1.992441123940101733e+01
3.641996816039750673e+00 6.180362464016734947e+00 7.627581522003183068e+00 8.616169597068880748e+00 9.352727910198028738e+00 9.930472237456852369e+00 1.039941921968064342e+01 1.078951667069723186e+01 1.112011226188344359e+01 1.140442353463382652e+01 1.165187445439210201e+01 1.186941436050784304e+01 1.206230875414068215e+01 1.223463706682398389e+01 1.238961883900409156e+01 1.252983481482798389e+01 1.265738120441452530e+01 1.277398004289340605e+01 1.288105988703328464e+01
5.044573526289883425e+00 7.678858966853161938e+00 9.169792314240977404e+00 1.019250809288304360e+01 1.095942446571402407e+01 1.156527306909832475e+01 1.206061555848061673e+01 1.247564165905311029e+01 1.282982636741470017e+01 1.313646587970129609e+01 1.340504081705756612e+01 1.364254712604384778e+01 1.385429259250806489e+01 1.404439744406620250e+01 1.421612191383404777e+01 1.437208795083528656e+01 1.451443367187046007e+01 1.464492366959042791e+01 1.476502952377699351e+01
3.487365482420748286e+00 6.118427644828352108e+00 7.665669201384356590e+00 8.752792225403457138e+00 9.585336965547123000e+00 1.025627794775597046e+01 1.081555864430811731e+01 1.129310522810396478e+01 1.170826609163896137e+01 1.207427277193557025e+01 1.240057310231454224e+01 1.269414859304817256e+01 1.296030428068007012e+01 1.320316577247256262e+01 1.342600476352027883e+01 1.363145947891032073e+01 1.382168827716991011e+01 1.399847934533099014e+01 1.416333073392995878e+01
4.976428050173949735e+00 7.628021079257693238e+00 9.130998149326366331e+00 1.016464588531955648e+01 1.094191374562784169e+01 1.155766782784157698e+01 1.206251708843193526e+01 1.248667212185802811e+01 1.284961929283724125e+01 1.316466253098950645e+01 1.344128890937505538e+01 1.368650058559503968e+01 1.390561180118811535e+01 1.410274970980992748e+01 1.428118203426280353e+01 1.444353879771936811e+01 1.459196675439913449e+01 1.472823965116361578e+01 1.485383867692999260e+01
6.290371184155048923e+00 8.878570992816646523e+00 1.032244338733673850e+01 1.129968392009232048e+01 1.202304888886038725e+01 1.258735677465524816e+01 1.304319296386222149e+01 1.342074455950722367e+01 1.373946800709247817e+01 1.401262896860088603e+01 1.424966756161455272e+01 1.445753064249965014e+01 1.464146949784116281e+01 1.480554156415036715e+01 1.495293909137930832e+01 1.508621193858930454e+01 1.520742308384650876e+01 1.531825994537797619e+01 1.542011584332855278e+01
2.230720401981883594e+00 4.859466431890921534e+00 6.349124232513275956e+00 7.371266489219289397e+00 8.137850248572016554e+00 8.743489285371904174e+00 9.238703528079962979e+00 9.653664620901668769e+00 1.000783847971320384e+01 1.031451613678338219e+01 1.058317491468565130e+01 1.082080840252628029e+01 1.103272251805929294e+01 1.122303587582053019e+01 1.139500722444333469e+01 1.155125708767951487e+01 1.169392217859916450e+01 1.182476568837041775e+01 1.194525778921178549e+01
6.046015855651980964e+00 8.700225754032771874e+00 1.020588573456423376e+01 1.124216784447093787e+01 1.202200643829267257e+01 1.264026349838980856e+01 1.314754643223654362e+01 1.357406521106110553e+01 1.393930604722380373e+01 1.425657303055100122e+01 1.453535364082977566e+01 1.478265065581495286e+01 1.500377913021964282e+01 1.520286720840427286e+01 1.538318376761313289e+01 1.554736013572845366e+01 1.569754450824220271e+01 1.583551219573847213e+01 1.596274605880628172e+01
4.741341329113480718e+00 7.412563284281249665e+00 8.939709685488375968e+00 9.997636741807806260e+00 1.079872527454015696e+01 1.143769452337903481e+01 1.196510053656466432e+01 1.241113112835807364e+01 1.279526233754057962e+01 1.313079412178839789e+01 1.342721347393309372e+01 1.369152523686225820e+01 1.392904852533387761e+01 1.414391722053585099e+01 1.433940740792294655e+01 1.451815894447762112e+01 1.468232975216057312e+01 1.483370595488885968e+01 1.497378220893734913e+01
3.336330998211216148e+00 5.932736050525575067e+00 7.393857663323493590e+00 8.389020266879400722e+00 9.129884694345227203e+00 9.710988477699521226e+00 1.018282179494147499e+01 1.057553815556769194e+01 1.090858710062099490e+01 1.119524168286379506e+01 1.144495841433674777e+01 1.166470686086196551e+01 1.185976570981504530e+01 1.203422334419875916e+01 1.219130559807212677e+01 1.233359777997114470e+01 1.246319950392805609e+01 1.258183540865142547e+01 1.269093608882284130e+01
8.401270423125938080e+00 1.114874124902831376e+01 1.274585802729488293e+01 1.387196287084724133e+01 1.474000245152615385e+01 1.544483519963085705e+01 1.603706303924104049e+01 1.654689134540075557e+01 1.699380344064605453e+01 1.739110252690014136e+01 1.774827731477469683e+01 1.807233397144985787e+01 1.836859309824702535e+01 1.864119051500499680e+01 1.889340485483149124e+01 1.912787921691950288e+01 1.934677550461552187e+01 1.955188458200654367e+01 1.974470660771014252e+01
4.310558838610066168e+00 6.957848712045571204e+00 8.480498877597074880e+00 9.537010197335657580e+00 1.033763755068698664e+01 1.097655944197185995e+01 1.150414193399108598e+01 1.195049160534900778e+01 1.233504475778390308e+01 1.267107986620141524e+01 1.296807134480859602e+01 1.323301615328906777e+01 1.347122815210574132e+01 1.368683750971647406e+01 1.388311753527253778e+01 1.406270589327916376e+01 1.422775868373122776e+01 1.438006044607454470e+01 1.452110440468980279e+01
5.781906224695214647e+00 8.490556848450953709e+00 1.005152602208066170e+01 1.114220860821989945e+01 1.197530799433457283e+01 1.264562287904375637e+01 1.320373544435516422e+01 1.367984352042705254e+01 1.409342741902507257e+01 1.445778923185937437e+01 1.478241740490605416e+01 1.507431821263036120e+01 1.533881250316663092e+01 1.558003636025954464e+01 1.580126862965402346e+01 1.600515253189340115e+01 1.619384997607147270e+01 1.636915170124515484e+01 1.653255760062411639e+01
6.802465412245042309e+00 9.561472667769047362e+00 1.117066406554971891e+01 1.230887805104124055e+01 1.318899899089470651e+01 1.390586981443822623e+01 1.451008703799715427e+01 1.503185369781680336e+01 1.549065193079449720e+01 1.589978425502067516e+01 1.626873894103361096e+01 1.660452184521102126e+01 1.691245333189683819e+01 1.719666902898073246e+01 1.746044740681474750e+01 1.770643142189890895e+01 1.793678284946973633e+01 1.815329243668499615e+01 1.835746023423895323e+01
3.287193405350353093e+00 5.930111241810796407e+00 7.447253216754956107e+00 8.498163963110533459e+00 9.293231548261362107e+00 9.926667834512484134e+00 1.044885058230954122e+01 1.088989140782990361e+01 1.126922906553754800e+01 1.160014327488613617e+01 1.189210902812665616e+01 1.215212343581072041e+01 1.238550019854402429e+01 1.259636907619914048e+01 1.278800275688421628e+01 1.296303809516835948e+01 1.312363020934994040e+01 1.327156249928473919e+01 1.340832690412046446e+01
-5.819230946197334609e-01 1.867799419893461987e+00 3.354703299526024196e+00 4.404924172663363002e+00 5.208252649996406802e+00 5.853406997824473379e+00 6.388795743281891149e+00 6.843680297677898317e+00 7.237082189501566454e+00 7.582056439218960442e+00 7.887948344243840282e+00 8.161676195254109700e+00 8.408503997524640283e+00 8.632529455396678486e+00 8.837004421412167687e+00 9.024552368288524917e+00 9.197320181967349129e+00 9.357086715961836276e+00 9.505342087192637734e+00
3.717325993774946102e+00 6.380243596848485410e+00 7.903770612247568828e+00 8.958896271129903610e+00 9.757505512879758314e+00 1.039419213077031401e+01 1.091946831375961224e+01 1.136350316937192417e+01 1.174576351659328743e+01 1.207954416740931691e+01 1.237432886622985961e+01 1.263712012594706557e+01 1.287323517078163881e+01 1.308680618102936677e+01 1.328110759452524903e+01 1.345877759744899116e+01 1.362197237479538003e+01 1.377247622402369132e+01 1.391178187418392831e+01
1.608872092885264449e+00 3.878896523913517580e+00 5.259583221567639910e+00 6.223761879366880301e+00 6.949755898374587737e+00 7.522791400706438480e+00 7.989918155465093541e+00 8.379769840183104890e+00 8.711036071497090916e+00 8.996573957093287888e+00 9.245596255175017930e+00 9.464921997325941305e+00 9.659733072706618628e+00 9.834053674758090224e+00 9.991066097041032990e+00 1.013332565631596616e+01 1.026291113153888901e+01 1.038153266722884638e+01 1.049061084170623026e+01
5.866997606713018065e+00 8.437470629136846867e+00 9.867375900705244618e+00 1.083180912216513114e+01 1.154318768953103103e+01 1.209623997483792834e+01 1.254151363029204447e+01 1.290917153501056625e+01 1.321864867817512845e+01 1.348318853458221511e+01 1.371220717569370962e+01 1.391262534648684657e+01 1.408966635408166290e+01 1.424735817010261663e+01 1.438886255558988658e+01 1.451669833733124904e+01 1.463289738145379459e+01 1.473911633849624003e+01 1.483671847542849243e+01
3.505791993627629388e+00 6.183315058575796108e+00 7.738903560969306206e+00 8.828176081287276489e+00 9.661030489141188227e+00 1.033155751401836042e+01 1.089009241351863899e+01 1.136672821186349580e+01 1.178089439046329723e+01 1.214586587935159301e+01 1.247111550080727937e+01 1.276364000873614302e+01 1.302875417664299462e+01 1.327059006637635186e+01 1.349242378098774431e+01 1.369689662698185018e+01 1.388616915474323754e+01 1.406203112821542156e+01 1.422598173783111086e+01
4.306640544510081270e+00 6.924846397309541324e+00 8.418309064691344545e+00 9.446334594544280705e+00 1.021926768185121048e+01 1.083130824429028571e+01 1.133282977315172957e+01 1.175394136911557119e+01 1.211407905928589734e+01 1.242651884968085696e+01 1.270073070042180241e+01 1.294370523141793150e+01 1.316074815137993426e+01 1.335597973985564124e+01 1.353266176449474756e+01 1.369341879216761626e+01 1.384039237708265802e+01 1.397535118283592581e+01 1.409977135421678618e+01
2.209407338406154775e+00 4.816417458539230090e+00 6.376050887871229200e+00 7.481570013740374669e+00 8.334141402204352289e+00 9.025616259517969198e+00 9.605546128246535531e+00 1.010369153210543836e+01 1.053932089757168633e+01 1.092562316414847423e+01 1.127202167716970393e+01 1.158548299160895922e+01 1.187130255769181986e+01 1.213359959925418430e+01 1.237564143811695239e+01 1.260006324747709350e+01 1.280902124116998664e+01 1.300430211078366760e+01 1.318740289498194507e+01
1.162764026062451661e+00 3.718483702769304067e+00 5.167173091045144773e+00 6.154697176134130920e+00 6.889541020438765706e+00 7.465415450154780252e+00 7.932513998671378630e+00 8.320859938431059533e+00 8.649836433640706090e+00 8.932678160964126590e+00 9.178816713163671537e+00 9.395203629244727850e+00 9.587103260741960398e+00 9.758591698523243707e+00 9.912883653708878029e+00 1.005255401343412203e+01 1.017969242768199756e+01 1.029601391031897606e+01 1.040293972387185306e+01
2.857108276458279583e+00 5.480839475136937367e+00 6.959987935377514034e+00 7.971128230768638190e+00 8.726866071155837901e+00 9.321981946992710988e+00 9.807054404641126766e+00 1.021227894230681166e+01 1.055713101581858915e+01 1.085490400475700845e+01 1.111507330266912241e+01 1.134462766134984690e+01 1.154886598405135700e+01 1.173189814041054468e+01 1.189697271555975000e+01 1.204669889532921090e+01 1.218320108861341744e+01 1.230822940323505499e+01 1.242324032170100701e+01
7.306413280146392353e+00 9.965854581642400234e+00 1.147640952342821485e+01 1.251743365630778726e+01 1.330188384789059164e+01 1.392462728085616952e+01 1.443627296906105606e+01 1.486703158324952945e+01 1.523638987765429320e+01 1.555765258496233194e+01 1.584030803012677069e+01 1.609136007943769542e+01 1.631612513374439999e+01 1.651873294166113126e+01 1.670245423537349083e+01 1.686992243585300244e+01 1.702328805375568521e+01 1.716432891829478891e+01 1.729453059172334761e+01
6.726189355080849808e+00 9.410270115345833020e+00 1.094682278016702703e+01 1.201347155123104926e+01 1.282294960454311550e+01 1.347006469847807608e+01 1.400540344215641042e+01 1.445916643463065299e+01 1.485083587800206573e+01 1.519371512819973447e+01 1.549729336348107900e+01 1.576857709787568140e+01 1.601288694477233321e+01 1.623435828923157587e+01 1.643626882197214556e+01 1.662126015931976397e+01 1.679149216474583284e+01 1.694875309921262030e+01 1.709453995566980211e+01
3.601926874873995210e+00 6.160069193054062531e+00 7.617696253336823098e+00 8.614821868151608442e+00 9.359126028451532520e+00 9.944111439190583823e+00 1.041989972734889847e+01 1.081648652326666848e+01 1.115324578178216264e+01 1.144341234264116736e+01 1.169642357123778176e+01 1.191924057245994106e+01 1.211714003919793470e+01 1.229421251823936956e+01 1.245368880269958467e+01 1.259816109057461908e+01 1.272973722920715822e+01 1.285015101270828630e+01 1.296084279523758909e+01
2.024298311243581949e+00 4.473769036498341123e+00 5.989033100614699734e+00 7.072837001825035053e+00 7.910916089711132138e+00 8.590916179528601759e+00 9.160873988650244826e+00 9.649896636448294984e+00 1.007693290730768432e+01 1.045500014701586800e+01 1.079342276381424348e+01 1.109910694523127717e+01 1.137730957506036233e+01 1.163212428233142859e+01 1.186680084887197140e+01 1.208396209301815638e+01 1.228575531569078905e+01 1.247396064149788408e+01 1.265007017796328270e+01
4.044837407148271780e+00 6.684913695828125668e+00 8.189973296958356741e+00 9.227690985944732915e+00 1.000951790915381423e+01 1.062993775501015215e+01 1.113942443935382798e+01 1.156813070867228710e+01 1.193551490793838532e+01 1.225486636570283849e+01 1.253566435038055360e+01 1.278490701543306329e+01 1.300790691465567583e+01 1.320879103673049393e+01 1.339082800770891879e+01 1.355664954429624913e+01 1.370840470318110782e+01 1.384787001637789672e+01 1.397652984703958623e+01
3.103801676062015957e+00 5.804329398210392732e+00 7.356873048648554736e+00 8.439198032682437400e+00 9.264054604184233099e+00 9.926253695687975664e+00 1.047638215059719968e+01 1.094464008015418699e+01 1.135050911504687399e+01 1.170729218584370024e+01 1.202447828789919981e+01 1.230907403978283909e+01 1.256640046904804642e+01 1.280059369524355617e+01 1.301493246805405946e+01 1.321205978719989993e+01 1.339413722092200487e+01 1.356295505093321907e+01 1.372001259958393327e+01
5.468778385830209920e+00 8.107066988416894660e+00 9.597308343011809129e+00 1.061867398340266178e+01 1.138410152032884248e+01 1.198845545011183589e+01 1.248234438135677138e+01 1.289597802967741913e+01 1.324884085214611851e+01 1.355423368244208682e+01 1.382163926842146751e+01 1.405805422593072862e+01 1.426878608144362204e+01 1.445795416402248534e+01 1.462881734132582068e+01 1.478399584142317025e+01 1.492562578280555741e+01 1.505546954150560701e+01 1.517499630985925663e+01
4.729019318884768452e+00 7.259732117333394186e+00 8.684197741263657733e+00 9.648611383682753839e+00 1.036147752267046585e+01 1.091650338567256640e+01 1.136387200644539597e+01 1.173359041940808822e+01 1.204501984569659356e+01 1.231136749159075805e+01 1.254203235343025824e+01 1.274392882148555550e+01 1.292228023647511215e+01 1.308111857509378950e+01 1.322361211753231736e+01 1.335228778351287282e+01 1.346918646495539740e+01 1.357597431635377738e+01 1.367402425633553165e+01
6.142172635299937511e+00 8.754132484983825790e+00 1.021914803774619607e+01 1.121631224013522576e+01 1.195855853231421939e+01 1.254075197721669710e+01 1.301349955159745875e+01 1.340700575064790812e+01 1.374074588625674664e+01 1.402800770807689545e+01 1.427825707395878929e+01 1.449847012688378989e+01 1.469393062549228191e+01 1.486873117250724974e+01 1.502610132255859021e+01 1.516862979908637854e+01 1.529841943134655935e+01 1.541719792985456650e+01 1.552639884521747327e+01
5.619655417785154761e+00 8.282189711670785215e+00 9.797073893170022529e+00 1.084250657664402162e+01 1.163129653318883427e+01 1.225827284564143049e+01 1.277403089675864933e+01 1.320877552436089530e+01 1.358199082342558306e+01 1.390698044196389738e+01 1.419323254857620853e+01 1.444775148615941340e+01 1.467585461447045780e+01 1.488167303748801373e+01 1.506847918415489751e+01 1.523890847370781465e+01 1.539511368432103389e+01 1.553887515357298987e+01 1.567168116645873788e+01
2.876708465167968409e+00 5.505909051269895826e+00 7.006299413618392258e+00 8.040432882138311754e+00 8.819087563010421960e+00 9.436574917130347018e+00 9.943308032970099575e+00 1.036941338540859547e+01 1.073433613079930460e+01 1.105135803523193694e+01 1.132995342104515757e+01 1.157711675646966754e+01 1.179815750891632753e+01 1.199719983706169835e+01 1.217750960988196063e+01 1.234171576091335609e+01 1.249196448590340403e+01 1.263002935427135576e+01 1.275739165796014518e+01
6.711766508220719629e+00 9.465485062873987943e+00 1.106931081160957930e+01 1.220215943698953787e+01 1.307692536750131040e+01 1.378845405535391144e+01 1.438734290452722853e+01 1.490379534340142520e+01 1.535729371605169291e+01 1.576114066790348289e+01 1.612482455838158302e+01 1.645535131253829064e+01 1.675804135194831090e+01 1.703703035480578620e+01 1.729559683730463249e+01 1.753638379873359909e+01 1.776155305490262748e+01 1.797289539184357210e+01 1.817191089775165125e+01
6.356244762266472392e+00 9.039777881332767606e+00 1.057776591612366524e+01 1.164612841425831036e+01 1.245738214321123927e+01 1.310628011074501309e+01 1.364338967641152855e+01 1.409890317461683296e+01 1.449229874900735737e+01 1.483687756885142051e+01 1.514212756128474346e+01 1.541505450428427793e+01 1.566097858404038234e+01 1.588403495864330317e+01 1.608750123128219656e+01 1.627401903429881003e+01 1.644574832843258250e+01 1.660447753860919917e+01 1.675170387842881681e+01
6.095420897607529476e+00 8.848284524822867425e+00 1.045130783763479698e+01 1.158336913460227002e+01 1.245735753793066536e+01 1.316811715118923409e+01 1.376624491460827926e+01 1.428194406590668031e+01 1.473469686164010106e+01 1.513780590446074470e+01 1.550075953245972826e+01 1.583056366039805596e+01 1.613253870553974778e+01 1.641082034510847265e+01 1.666868709620898059e+01 1.690878196007549761e+01 1.713326675498707274e+01 1.734393226964774826e+01 1.754227859492126740e+01
4.900906301027791123e+00 7.503143818988019298e+00 8.961687652742089227e+00 9.953130640641559168e+00 1.069008391793825474e+01 1.126732958164317644e+01 1.173544385477991447e+01 1.212461583228513362e+01 1.245431049261062206e+01 1.273780678774766351e+01 1.298456194797550367e+01 1.320154311305069328e+01 1.339402446976426830e+01 1.356608845464185364e+01 1.372095392050549734e+01 1.386119845540620510e+01 1.398891344229217282e+01 1.410581496413302460e+01 1.421332489073069105e+01
5.084060442111207223e+00 7.822280278024373423e+00 9.415041474702974256e+00 1.053753802742742707e+01 1.140219872777284671e+01 1.210375314151697701e+01 1.269275873553131184e+01 1.319940221165447625e+01 1.364315793667073784e+01 1.403732438724930809e+01 1.439138759609040719e+01 1.471235212704368145e+01 1.500553757952092404e+01 1.527507912600662898e+01 1.552425497039218172e+01 1.575570792170034906e+01 1.597159968438970701e+01 1.617372098506718459e+01 1.636357188701369481e+01
6.002536057702321237e+00 8.644172407360365185e+00 1.013749316988054083e+01 1.116181365518473712e+01 1.193008921539013123e+01 1.253718856761151734e+01 1.303372179808144082e+01 1.344989947235041328e+01 1.380520685858520125e+01 1.411294576287439284e+01 1.438260014088698213e+01 1.462116807645658945e+01 1.483395882630628115e+01 1.502509370206460382e+01 1.519783378916813454e+01 1.535480174698500200e+01 1.549813631412739490e+01 1.562960264898046958e+01 1.575067286084943241e+01
2.391020602523337146e+00 4.982751229614910571e+00 6.493492110756970526e+00 7.545283131692176681e+00 8.343349604732134495e+00 8.980569268970805652e+00 9.506847599263410942e+00 9.952093468634718221e+00 1.033564644726870085e+01 1.067073298694605654e+01 1.096679747075167910e+01 1.123081856493111275e+01 1.146809852608067537e+01 1.168275994420239172e+01 1.187807108651458066e+01 1.205666623894083855e+01 1.222069925250743339e+01 1.237195320898191930e+01 1.251192044482037602e+01
6.382554158649360154e+00 9.094331018483730489e+00 1.065591168413329903e+01 1.174682501647387411e+01 1.258004249368145189e+01 1.325043003284340237e+01 1.380859319270015639e+01 1.428473970812659566e+01 1.469835468835535153e+01 1.506274278606846728e+01 1.538739391946377566e+01 1.567931526031410172e+01 1.594382823024570683e+01 1.618506929428514240e+01 1.640631756029837973e+01 1.661021643432524542e+01 1.679892796012723721e+01 1.697424297679943095e+01 1.713766145344601810e+01
8.203429131571670752e+00 1.096776816972530888e+01 1.258189451408538773e+01 1.372497139844997527e+01 1.460992348666700913e+01 1.533160369125464051e+01 1.594061195686426302e+01 1.646715275160889647e+01 1.693070889394735445e+01 1.734458325781294974e+01 1.771826431242958577e+01 1.805875803065379515e+01 1.837138484748243883e+01 1.866028043457320251e+01 1.892872328960933359e+01 1.917935638602860848e+01 1.941434150925557134e+01 1.963546941216018737e+01 1.984424014813698633e+01
5.732766652509717176e+00 8.312381998414727136e+00 9.746010720731774768e+00 1.071324364680172003e+01 1.142708490818747613e+01 1.198241490837948930e+01 1.242983628347659497e+01 1.279953670829567081e+01 1.311096456315961056e+01 1.337737184999303608e+01 1.360818092932300516e+01 1.381031775472916046e+01 1.398901029923181127e+01 1.414829090972176395e+01 1.429132554396952060e+01 1.442063708823686774e+01 1.453826133650644614e+01 1.464585872442034997e+01 1.474479614385371029e+01
3.558505083795934887e+00 6.242437586118295023e+00 7.781822327803874728e+00 8.851703748382117709e+00 9.664487267241398172e+00 1.031489765674257697e+01 1.085349230643268648e+01 1.131045924664429592e+01 1.170527450122733448e+01 1.205123810589205036e+01 1.235783736035919489e+01 1.263207770585805179e+01 1.287927917680042889e+01 1.310357690866679903e+01 1.330824857978270792e+01 1.349593597656502908e+01 1.366879928079276851e+01 1.382862719725585343e+01 1.397691727231219261e+01
3.955974589471665581e+00 6.619776364029832827e+00 8.135942730956118751e+00 9.182620473875996225e+00 9.972611509194626578e+00 1.060074302108089306e+01 1.111760965928909606e+01 1.155341595989132841e+01 1.192764594497250918e+01 1.225360334866608980e+01 1.254077655593416019e+01 1.279617024208193499e+01 1.302510220668301422e+01 1.323170409439412865e+01 1.341924896980139437e+01 1.359037297688147206e+01 1.374722970154206436e+01 1.389160036566058665e+01 1.402497420834110287e+01
2.529741204558273449e+00 5.106976413657198677e+00 6.560171582512367650e+00 7.549394610074043221e+00 8.285072354876394485e+00 8.861422283039171788e+00 9.328819388603774243e+00 9.717365772275179836e+00 1.004648364048459186e+01 1.032942893887696911e+01 1.057564571579132640e+01 1.079209322974933194e+01 1.098404083890382488e+01 1.115556800372748469e+01 1.130989177352778086e+01 1.144958869969276272e+01 1.157674964225768655e+01 1.169309051079626904e+01 1.180003324095728523e+01
7.438283208361528231e+00 1.007610348718038296e+01 1.156614119009170238e+01 1.258738426283591316e+01 1.335274702216660359e+01 1.395708804897322075e+01 1.445101375389329412e+01 1.486473269760107740e+01 1.521772848185473137e+01 1.552330112983872468e+01 1.579093252506216949e+01 1.602761832569113309e+01 1.623866499344681813e+01 1.642819068440063290e+01 1.659945299057347157e+01 1.675507077123431898e+01 1.689717869470544187e+01 1.702753761861164605e+01 1.714761516243768114e+01
7.200967043356321540e+00 9.885932320978788823e+00 1.142112247953596338e+01 1.248612176353918457e+01 1.329391170709048886e+01 1.393936298659997597e+01 1.447308436850852331e+01 1.492528595640989941e+01 1.531545457812159938e+01 1.565689601481629900e+01 1.595910074444349824e+01 1.622907593848795216e+01 1.647214246316793052e+01 1.669243567754422841e+01 1.689323303860262371e+01 1.707717576394613346e+01 1.724642318068632463e+01 1.740276289447613678e+01 1.754769113767727617e+01
4.475358206814459727e+00 7.105236891499554730e+00 8.605361906393314442e+00 9.639088660910882567e+00 1.041730081079922599e+01 1.103433685512649021e+01 1.154061944249434468e+01 1.196627915032071066e+01 1.233076313069321017e+01 1.264735419977936814e+01 1.292552725272332381e+01 1.317227706498739970e+01 1.339291325035551417e+01 1.359156000889031546e+01 1.377148317786170573e+01 1.393531160541730429e+01 1.408519136081679868e+01 1.422289585458209338e+01 1.434990619373195742e+01
3.831059897248920709e+00 6.446150558983675616e+00 7.940445062673049392e+00 8.969878164219949213e+00 9.744344646953212674e+00 1.035792860468544596e+01 1.086096252439310739e+01 1.128353799980043703e+01 1.164508269869785373e+01 1.195886843058203830e+01 1.223436310538931870e+01 1.247855652377032598e+01 1.269675434969724037e+01 1.289307734547756823e+01 1.307078814457021032e+01 1.323251247149576493e+01 1.338039326775796845e+01 1.351620076821595973e+01 1.364141283704103280e+01
8.983444495073506175e+00 1.173307618558234466e+01 1.333238566966004690e+01 1.446067978289248757e+01 1.533090081752505007e+01 1.603790609285183066e+01 1.663229712649592074e+01 1.714427910155286483e+01 1.759333522958276319e+01 1.799276863714370833e+01 1.835206797714023352e+01 1.867823936874877333e+01 1.897660337114570694e+01 1.925129576589248614e+01 1.950559515059721960e+01 1.974214459110672593e+01 1.996310595920376585e+01 2.017027008896700480e+01 2.036513711041887120e+01
5.098219002981598358e+00 7.788871536046729105e+00 9.342403924941054427e+00 1.042731405388884269e+01 1.125517234905889019e+01 1.192049231357701977e+01 1.247375684904448434e+01 1.294512178022905324e+01 1.335404715230943751e+01 1.371382430643159367e+01 1.403393555820126792e+01 1.432138347639055276e+01 1.458148655352275647e+01 1.481837930375468027e+01 1.503533947575934704e+01 1.523500948278520184e+01 1.541955060554734303e+01 1.559075306407854455e+01 1.575011629701871385e+01
3.807097240717630893e+00 6.363350424235735936e+00 7.873508521956204653e+00 8.930670443538593517e+00 9.735792960728296919e+00 1.038063381671236485e+01 1.091470020734218416e+01 1.136772984637807404e+01 1.175897860594472633e+01 1.210162806517643830e+01 1.240509692456770452e+01 1.267634850395782387e+01 1.292067569755634082e+01 1.314219542317612266e+01 1.334417268469427142e+01 1.352924016099685112e+01 1.369955129018515017e+01 1.385688963931505313e+01 1.400274873116684304e+01
4.234007988815963408e+00 6.957766490176845231e+00 8.538220601251046205e+00 9.648823644507181996e+00 1.050178382738625160e+01 1.119177547009698159e+01 1.176933701005791022e+01 1.226464726438518227e+01 1.269717693664491165e+01 1.308022268082229544e+01 1.342326959372745243e+01 1.373332176231581236e+01 1.401569855861410474e+01 1.427453506717274045e+01 1.451310948213627405e+01 1.473406464516932424e+01 1.493956231395807244e+01 1.513139327516011079e+01 1.531105764996731544e+01
7.390067709196738832e+00 1.013876835473883098e+01 1.173713387166340993e+01 1.286448459307068859e+01 1.373376447833916103e+01 1.443983127028245761e+01 1.503328664286287797e+01 1.554433585442282784e+01 1.599246216127793829e+01 1.639096872140810035e+01 1.674934421258468831e+01 1.707459477529472025e+01 1.737204098791589857e+01 1.764581864984993587e+01 1.789920637559302108e+01 1.813484724716164820e+01 1.835490315192848598e+01 1.856116493906694487e+01 1.875513275325182150e+01
2.393057956648862117e+00 4.832195653231583066e+00 6.251889511046064385e+00 7.226405527127779393e+00 7.953380351335542997e+00 8.523607123932462670e+00 8.986218864688430230e+00 9.370773469052753768e+00 9.696421249360502870e+00 9.976268259135148142e+00 1.021966914784223590e+01 1.043352619208534193e+01 1.062307024219231621e+01 1.079235332390564395e+01 1.094457198089437711e+01 1.108228676530457513e+01 1.120757557735897514e+01 1.132214349206061499e+01 1.142740315216897251e+01
5.540762651065358924e+00 8.156926239531761880e+00 9.625837607069458457e+00 1.062666807142461245e+01 1.137236007328233889e+01 1.195778092304793994e+01 1.243353914315217601e+01 1.282984125962470934e+01 1.316616541139015872e+01 1.345580304633624102e+01 1.370822458023186741e+01 1.393041152102938085e+01 1.412765372316780699e+01 1.430405052494547746e+01 1.446283875610880543e+01 1.460661484967393520e+01 1.473748967264398502e+01 1.485719919707840830e+01 1.496718535910267356e+01
1.277649491597181663e+00 3.485400632507141605e+00 4.853732534757544848e+00 5.818536026293605445e+00 6.549511047441661127e+00 7.129238646229894449e+00 7.603754083636438565e+00 8.001236452556273804e+00 8.340148376419216802e+00 8.633224973648951917e+00 8.889610511861194553e+00 9.116085072322547944e+00 9.317809028006225347e+00 9.498795929019589579e+00 9.662224515913294454e+00 9.810651336119468269e+00 9.946159701147815113e+00 1.007046659113875187e+01 1.018500102005429042e+01
1.400473579720749706e+00 3.305647994939341583e+00 4.560970820898293532e+00 5.483635910479852882e+00 6.200956199629507282e+00 6.779990568756475433e+00 7.260252236825022187e+00 7.666830069167866135e+00 8.016577595699651226e+00 8.321328920542940821e+00 8.589695226990068377e+00 8.828128291742489253e+00 9.041580905204993357e+00 9.233933757014602506e+00 9.408280936979226183e+00 9.567126559438515088e+00 9.712523672702753075e+00 9.846174611709976432e+00 9.969504942276724790e+00
6.958469834303537827e-01 3.372198431469099589e+00 4.923459609454056363e+00 6.007964401877619487e+00 6.835963120048464958e+00 7.501635073071753368e+00 8.055346336419178854e+00 8.527203046607489512e+00 8.936641101005497134e+00 9.296938910114116439e+00 9.617571336062045617e+00 9.905536396886439832e+00 1.016614967717919171e+01 1.040354376475496245e+01 1.062099509608065695e+01 1.082114517211281424e+01 1.100615463110377590e+01 1.117781323862752352e+01 1.133762011378560608e+01
2.233332978269390701e+00 4.745595575294095703e+00 6.179969256914785269e+00 7.158498554360273047e+00 7.886257328732080296e+00 8.456052483919727081e+00 8.917749188687881912e+00 9.301224176762225682e+00 9.625783803799356164e+00 9.904616269870800238e+00 1.014712102363421842e+01 1.036022459953080954e+01 1.054917001912522778e+01 1.071801398167760055e+01 1.086995286907641933e+01 1.100754387649162069e+01 1.113285941809897750e+01 1.124759768004873983e+01 1.135316352769900838e+01
1.317785996186929820e+00 4.053733873380267028e+00 5.648687456344174684e+00 6.774033368745261185e+00 7.641722511843101806e+00 8.346365477894412521e+00 8.938478664423739062e+00 9.448231486264727863e+00 9.895089978743644821e+00 1.029234818314717970e+01 1.064948958179475547e+01 1.097351717805086402e+01 1.126974956585729615e+01 1.154232124062845344e+01 1.179450993252169511e+01 1.202895810775322616e+01 1.224782721524053031e+01 1.245290778605109239e+01 1.264569973037922601e+01
1.594009020648792241e+00 3.451841618658039845e+00 4.688861295721904909e+00 5.608306567370268780e+00 6.329235308419768558e+00 6.915079159390998598e+00 7.403695170344419374e+00 7.819353855174361101e+00 8.178473178894515527e+00 8.492640681495259969e+00 8.770321097253232168e+00 9.017876154757821894e+00 9.240202131021636234e+00 9.441144112838848912e+00 9.623774188308399147e+00 9.790583654514771084e+00 9.943619151841563308e+00 1.008458120794678159e+01 1.021489696132479708e+01
2.226840367513223562e+00 4.837400395870606218e+00 6.302956806100720399e+00 7.300911127879898821e+00 8.043978095146213647e+00 8.626966653778714189e+00 9.100464103821677142e+00 9.494666880880600957e+00 9.829046902267409180e+00 1.011689075602530963e+01 1.036766437192306967e+01 1.058834472986257502e+01 1.078421694264660147e+01 1.095937533704496047e+01 1.111705146352662865e+01 1.125983624110692460e+01 1.138983483727803758e+01 1.150877739594324645e+01 1.161809995561415576e+01
5.546729388708668829e+00 8.221708104072478207e+00 9.749245707065080424e+00 1.080705634946016858e+01 1.160788528694871857e+01 1.224654409591714099e+01 1.277362124664696985e+01 1.321931841563788090e+01 1.360311840801576899e+01 1.393832480925809492e+01 1.423442669232609603e+01 1.449843014860235257e+01 1.473565506153316207e+01 1.495023578670374320e+01 1.514544869340168454e+01 1.532393379286263801e+01 1.548784906920909066e+01 1.563898064043508462e+01 1.577882310479085426e+01
4.807932724560555648e+00 7.437860339883089367e+00 8.921069387856562116e+00 9.935827405857946104e+00 1.069495757571756300e+01 1.129329579140445183e+01 1.178144037879380868e+01 1.218959583965470728e+01 1.253724279429556354e+01 1.283767834972052135e+01 1.310038114782007490e+01 1.333234312625157081e+01 1.353886649818791454e+01 1.372406464565835904e+01 1.389118989194835763e+01 1.404285538021331803e+01 1.418118967247899498e+01 1.430794719274592630e+01 1.442458886509136207e+01
1.073866315251523984e+00 2.986879476270257960e+00 4.300883046481334127e+00 5.301451289980462889e+00 6.102801804866750501e+00 6.767265354758668749e+00 7.332526019552745744e+00 7.822901483940429834e+00 8.254896819757766124e+00 8.640181734261252799e+00 8.987289466794255333e+00 9.302637327458906924e+00 9.591166981364246169e+00 9.856761388443457506e+00 1.010252515977590271e+01 1.033097840348136920e+01 1.054419406537990334e+01 1.074389734968492149e+01 1.093153907422881943e+01
3.444837248574390998e+00 6.112863316640083866e+00 7.647614998768082373e+00 8.714633189144988634e+00 9.525099947356872931e+00 1.017343011754191373e+01 1.071007254673278020e+01 1.116516902717366655e+01 1.155817308458621895e+01 1.190237268937217330e+01 1.220724816306222316e+01 1.247980065215548429e+01 1.272534740047725421e+01 1.294802163673083051e+01 1.315109967090588050e+01 1.333722225799351691e+01 1.350854876296328300e+01 1.366686721174363228e+01 1.381367456041057373e+01
6.924352998788653402e+00 9.505777700453025503e+00 1.094105333718384010e+01 1.190982175165568968e+01 1.262509346465605731e+01 1.318175098439223625e+01 1.363039865974862330e+01 1.400122623216523898e+01 1.431368467489710028e+01 1.458102912350642555e+01 1.481268556821194871e+01 1.501558401655987041e+01 1.519495683475625114e+01 1.535484101169963367e+01 1.549840730573474623e+01 1.562818347624056869e+01 1.574621018410147144e+01 1.585415265625503345e+01 1.595338244150114981e+01
2.465514069606105085e+00 5.109374168868401789e+00 6.673418856482980388e+00 7.777776618772579198e+00 8.627523334242845010e+00 9.315522232995661511e+00 9.891680070592249407e+00 1.038590812696856602e+01 1.081754775620657760e+01 1.119982673712345012e+01 1.154219068800780867e+01 1.185161971137672587e+01 1.213341790419929644e+01 1.239171023537514316e+01 1.262976797611301905e+01 1.285022909499608268e+01 1.305525183486767204e+01 1.324662439238246137e+01 1.342584494361559955e+01
3.920310177207756652e+00 6.564717951911646310e+00 8.086672572265930725e+00 9.142828602215303135e+00 9.943195524684279363e+00 1.058188896520880462e+01 1.110925281666526665e+01 1.155538418228789688e+01 1.193971476489404537e+01 1.227552060671152745e+01 1.257227476263411248e+01 1.283697341322179852e+01 1.307492997705645443e+01 1.329027438947107065e+01 1.348627986312475890e+01 1.366558406002258508e+01 1.383034314522920916e+01 1.398234177371824494e+01 1.412307332428753703e+01
2.754774739928831373e+00 5.386048427554213980e+00 6.936693289100097637e+00 8.027694038991734615e+00 8.864214889965978728e+00 9.539134985179419601e+00 1.010236469218325972e+01 1.058381619861678757e+01 1.100283111966985672e+01 1.137263735545265142e+01 1.170268062995229208e+01 1.199994115688921781e+01 1.226972314362312488e+01 1.251615165670428631e+01 1.274249804089828331e+01 1.295140030491878669e+01 1.314501669103927384e+01 1.332513534910449060e+01 1.349325435797448591e+01
2.003019111761449089e+00 4.570924070749482482e+00 6.019117034451260118e+00 7.004237229834811451e+00 7.736246569825058650e+00 8.309240726374945041e+00 8.773549721050995842e+00 9.159254137290123055e+00 9.485763066103135799e+00 9.766322509753507575e+00 1.001036767482153778e+01 1.022484920358557225e+01 1.041502769743544299e+01 1.058497359241311209e+01 1.073789463766772201e+01 1.087635786145733618e+01 1.100244446037124213e+01 1.111786063510702327e+01 1.122401866345338739e+01
5.587797799184430758e+00 8.327375762602439835e+00 9.923340702592879481e+00 1.104930315831989596e+01 1.191749424753247233e+01 1.262259445356991350e+01 1.321514432014792817e+01 1.372532342085422385e+01 1.417260267530606477e+01 1.457027871177009892e+01 1.492783648709172262e+01 1.525227989470978862e+01 1.554892809101895779e+01 1.582191594025649195e+01 1.607452142180784449e+01 1.630938717443951802e+01 1.652867476885317544e+01 1.673417482333627149e+01 1.692738731118260986e+01
5.392536335376189705e+00 7.965542657976028451e+00 9.399457436956950573e+00 1.036794929214363847e+01 1.108324832575915408e+01 1.164003538983859443e+01 1.208884312821586704e+01 1.245983065664199252e+01 1.277243439555994087e+01 1.303990223408626115e+01 1.327165663366838011e+01 1.347462613601434711e+01 1.365404286289746949e+01 1.381394431426652503e+01 1.395750223682898294e+01 1.408724567825594143e+01 1.420521676821361190e+01 1.431308229913101826e+01 1.441221542168345060e+01
6.463264557362750296e+00 9.123225648828398704e+00 1.063801835064379020e+01 1.168371522613163904e+01 1.247285343635745747e+01 1.310019302338574221e+01 1.361630506477694169e+01 1.405138401871588627e+01 1.442490897068638667e+01 1.475018097063195377e+01 1.503668680846566019e+01 1.529143012947359459e+01 1.551972801084491671e+01 1.572571154725780218e+01 1.591265335082913346e+01 1.608318916739393956e+01 1.623947221344020875e+01 1.638328335473385877e+01 1.651611147830724846e+01
7.130730535236002865e+00 9.832707720030937182e+00 1.138594066644432701e+01 1.246882779010363507e+01 1.329419907685372237e+01 1.395688545396128610e+01 1.450748070242257270e+01 1.497618785957771159e+01 1.538248996650860789e+01 1.573969070645695112e+01 1.605727951332917414e+01 1.634226328420214003e+01 1.659996324049130578e+01 1.683451565050931720e+01 1.704919938954030556e+01 1.724665757246199860e+01 1.742905187987306803e+01 1.759817270775254627e+01 1.775551949756732739e+01
7.908596786720567984e+00 1.067627510905629684e+01 1.229427857149503467e+01 1.344130749257809754e+01 1.433022950187702804e+01 1.505588343855338174e+01 1.566886442343073682e+01 1.619937490752108999e+01 1.666689674350310924e+01 1.708473229459085019e+01 1.746236973834630035e+01 1.780681487038599897e+01 1.812338801224523976e+01 1.841622475960897987e+01 1.868860355721408695e+01 1.894316734023826854e+01 1.918207786551748839e+01 1.940712586388507432e+01 1.961981137124821117e+01
7.758503643901494939e+00 1.048213369757263003e+01 1.205612281740241620e+01 1.315937557949579428e+01 1.400478452486478886e+01 1.468719514955972194e+01 1.525720539713253388e+01 1.574501937946969932e+01 1.617012015472599629e+01 1.654581106873303398e+01 1.688158114770401497e+01 1.718443693977798503e+01 1.745969944029280541e+01 1.771150484847601092e+01 1.794313214660815703e+01 1.815722474358716809e+01 1.835594480725155364e+01 1.854108341726204401e+01 1.871414089642843592e+01
3.352923818274696099e+00 6.021742405292115130e+00 7.541417824242283352e+00 8.591303982018398955e+00 9.384355770553876042e+00 1.001543880378009277e+01 1.053516105361667599e+01 1.097373271349397328e+01 1.135064064051388577e+01 1.167919025561827162e+01 1.196887115547723823e+01 1.222668905364418457e+01 1.245796276042283957e+01 1.266682497768087146e+01 1.285654991161824334e+01 1.302977495072292591e+01 1.318865503566126129e+01 1.333497285390828679e+01 1.347021921730400251e+01
3.090393783993324650e+00 5.638842069404151225e+00 7.108192575323847073e+00 8.120075446508101535e+00 8.879571255831830712e+00 9.479503998727119907e+00 9.969755039588481083e+00 1.038021949204962624e+01 1.073022635393417801e+01 1.103299165742973820e+01 1.129794811926090681e+01 1.153206082565518997e+01 1.174061623797756404e+01 1.192771883441582936e+01 1.209661647151075847e+01 1.224992081910376740e+01 1.238976105066683253e+01 1.251789368725426677e+01 1.263578282297348920e+01
6.358876872295923022e+00 8.997347415223075018e+00 1.048853966403512672e+01 1.151094461524288803e+01 1.227741247893262688e+01 1.288278534602413394e+01 1.337766390487457002e+01 1.379225454676423368e+01 1.414604024469855581e+01 1.445232123084882581e+01 1.472058014460614395e+01 1.495781380690773332e+01 1.516933017043632148e+01 1.535924915846325156e+01 1.553083036671403683e+01 1.568669486070544927e+01 1.582897968645340647e+01 1.595944822123061257e+01 1.607957071778174196e+01
2.540951076911542206e+00 5.188274106305097000e+00 6.697369996147798155e+00 7.738534738469966534e+00 8.523561049475967266e+00 9.147019701827781901e+00 9.659415256307905651e+00 1.009091366490599029e+01 1.046097992890032380e+01 1.078290726492771157e+01 1.106617758695686149e+01 1.131779113789192337e+01 1.154306233901434453e+01 1.174611999602253576e+01 1.193023459172713530e+01 1.209803978613047981e+01 1.225168668798296601e+01 1.239295399775712347e+01 1.252332836207870592e+01
6.666461179204001830e+00 9.428133613902287991e+00 1.103913185955681442e+01 1.217902169652976418e+01 1.306077743241110412e+01 1.377926425049501447e+01 1.438508630791492315e+01 1.490844983604531926e+01 1.536883849760272724e+01 1.577955561224907832e+01 1.615008990270832001e+01 1.648744749469098991e+01 1.679694891978909865e+01 1.708272991307504185e+01 1.734806901517227118e+01 1.759560922932726257e+01 1.782751236205918488e+01 1.804556918137220833e+01 1.825127975160343041e+01
5.444414406612470003e+00 8.095629314261010734e+00 9.602366192291041713e+00 1.064028986860308734e+01 1.142188561367618860e+01 1.204190091054731049e+01 1.255090273122888433e+01 1.297908375544525228e+01 1.334592189079857150e+01 1.366471700660760824e+01 1.394495446770996949e+01 1.419363614622528935e+01 1.441607695506248987e+01 1.461640542062145265e+01 1.479789118665677528e+01 1.496316664482784553e+01 1.511438129282057830e+01 1.525331193902681193e+01 1.538144310408811144e+01
1.836936103897590655e+00 4.189580104121801263e+00 5.593789311764147953e+00 6.567368871610852921e+00 7.297950475557599681e+00 7.873516721502086924e+00 8.342162887804276394e+00 8.732991019365249130e+00 9.064926703455837398e+00 9.350956595322223563e+00 9.600369264140871550e+00 9.820030251536083554e+00 1.001515095733015492e+01 1.018977470823657505e+01 1.034709632427778203e+01 1.048967929475123206e+01 1.061960762108068401e+01 1.073859462805258680e+01 1.084806263879965016e+01
6.530592285380643958e+00 9.177380177987433996e+00 1.067660364938367756e+01 1.170678873258392905e+01 1.248078867556857219e+01 1.309344555846985969e+01 1.359535994400837389e+01 1.401673858862778843e+01 1.437706549457545790e+01 1.468964264076376125e+01 1.496395513875883232e+01 1.520700299215667428e+01 1.542409801738900121e+01 1.561936464266647029e+01 1.579606756179735960e+01 1.595683347710619415e+01 1.610380555089959032e+01 1.623875369360324683e+01 1.636315504335207294e+01
7.583410899007025030e+00 1.031196704226798033e+01 1.189005836661597648e+01 1.299725293023886152e+01 1.384652602553554779e+01 1.453274366820652297e+01 1.510651078989335616e+01 1.559803435374135994e+01 1.602679871453092986e+01 1.640610784470213446e+01 1.674545108021779782e+01 1.705183512005113400e+01 1.733058102860600158e+01 1.758582503285209597e+01 1.782084612396022649e+01 1.803828771397423480e+01 1.824031197609910393e+01 1.842871000259154357e+01 1.860498213932702427e+01
3.801181876067007082e+00 6.505416877789796715e+00 8.080661032732647797e+00 9.188275732072446189e+00 1.003892293948863212e+01 1.072688894671534854e+01 1.130257756321827323e+01 1.179611076840397388e+01 1.222693185357388934e+01 1.260832290940429345e+01 1.294976070344431562e+01 1.325824427236169889e+01 1.353908977609544273e+01 1.379643017194017673e+01 1.403354219443792239e+01 1.425306765095361605e+01 1.445716754354736544e+01 1.464763209005527855e+01 1.482596097032025284e+01
7.347172614387619483e+00 1.008852452831064284e+01 1.168055894473908474e+01 1.280176294433784889e+01 1.366497688654845533e+01 1.436503282914275914e+01 1.495252365554257423e+01 1.545765099187813973e+01 1.589989640416572492e+01 1.629256220330308480e+01 1.664513662588929677e+01 1.696462558220049033e+01 1.725634953647987047e+01 1.752444424052396954e+01 1.777218830034238195e+01 1.800222481266709451e+01 1.821671569315652661e+01 1.841745182679935411e+01 1.860593339770596799e+01
4.761049840848423642e+00 7.485410860338323147e+00 9.060042559665951956e+00 1.016391838154579297e+01 1.100993946344742369e+01 1.169295342569779628e+01 1.226355892781434775e+01 1.275196036745848716e+01 1.317764092750911509e+01 1.355390400977543841e+01 1.389023866459619327e+01 1.419365144890760000e+01 1.446946335960124763e+01 1.472181059446224083e+01 1.495397213369808576e+01 1.516859138488626080e+01 1.536783051613964268e+01 1.555348060951811284e+01 1.572704199269741920e+01
7.542095596497917498e+00 1.026838361506628239e+01 1.184423992376586021e+01 1.294923670478828903e+01 1.379634989212516594e+01 1.448044575968338421e+01 1.505212940327634463e+01 1.554160791165157640e+01 1.596836574166919043e+01 1.634570694933678681e+01 1.668312093756088998e+01 1.698761445639173573e+01 1.726450860574668411e+01 1.751793963265508225e+01 1.775118653292086535e+01 1.796689270779038594e+01 1.816722030423021295e+01 1.835396037281439163e+01 1.852861320230217146e+01
7.525820095992289183e+00 1.023020502734279802e+01 1.178447020292232850e+01 1.286816981925690762e+01 1.369427918547748746e+01 1.435766567899259805e+01 1.490893574121404619e+01 1.537829775607293747e+01 1.578523734150124014e+01 1.614305954951102606e+01 1.646125459994021156e+01 1.674682987327125971e+01 1.700510690896743782e+01 1.724022220000355077e+01 1.745545479290770885e+01 1.765344794363583603e+01 1.783636345775231291e+01 1.800599184884642767e+01 1.816383267422431658e+01
4.787526790304362123e+00 7.420602614894217020e+00 8.907994211347292079e+00 9.926958298696634486e+00 1.069018730349649182e+01 1.129248334929304320e+01 1.178443293479754850e+01 1.219623598189761005e+01 1.254737167933888564e+01 1.285113741832644330e+01 1.311701324673507507e+01 1.335199334258297377e+01 1.356138283072391104e+01 1.374929856725165678e+01 1.391899682766297630e+01 1.407309511297529525e+01 1.421372668220965707e+01 1.434265093253708656e+01 1.446133397717353652e+01
5.303810682352767536e+00 8.038103588109336783e+00 9.621957676635128465e+00 1.073487458643807280e+01 1.158982110676970478e+01 1.228166094404834752e+01 1.286099807622626479e+01 1.335803893786005681e+01 1.379226752534502864e+01 1.417698753601146144e+01 1.452168807952514307e+01 1.483337566213350556e+01 1.511737118177207329e+01 1.537781072146795758e+01 1.561797314898243449e+01 1.584050177238309765e+01 1.604755867971053718e+01 1.624093489651138000e+01 1.642213072019515607e+01
4.475418745603965576e+00 7.152354457239603391e+00 8.693628285963287183e+00 9.766716218076032519e+00 1.058305397013782567e+01 1.123712102438162397e+01 1.177938879072027412e+01 1.224000855383417452e+01 1.263843837281906701e+01 1.298796861306794348e+01 1.329808099412825761e+01 1.357577758024546810e+01 1.382637630764581083e+01 1.405401100655882729e+01 1.426195857227378561e+01 1.445286037181397099e+01 1.462887643411627892e+01 1.479179551574964968e+01 1.494311537838195036e+01
6.751775421481492678e+00 9.503844576493730045e+00 1.110526082729993291e+01 1.223559767158469036e+01 1.310783068791313788e+01 1.381682544937133450e+01 1.441318630159331349e+01 1.492711960109415514e+01 1.537810911086222276e+01 1.577945823918216739e+01 1.614065579101356462e+01 1.646870797024630306e+01 1.676893538372065606e+01 1.704547383940352390e+01 1.730160194877100821e+01 1.753996278405492149e+01 1.776271821899213421e+01 1.797165908709434490e+01 1.816828551652857371e+01
9.662706736614644631e-01 3.553588224759478109e+00 5.029139538263078357e+00 6.041801831039970594e+00 6.800500339050894461e+00 7.399066261520755639e+00 7.887741043201512703e+00 8.296575281611588082e+00 8.644973993812017810e+00 8.946193563006156424e+00 9.209689193727065515e+00 9.442438695631391710e+00 9.649735514789412605e+00 9.835687529006317931e+00 1.000354363736967578e+01 1.015591493705528769e+01 1.029492888669912887e+01 1.042233946783341914e+01 1.053960763393527778e+01
6.128996884795570921e+00 8.802722443621503245e+00 1.032758761086854271e+01 1.138259568269977429e+01 1.218065620012341910e+01 1.281662271537084763e+01 1.334109864627848019e+01 1.378429213010420540e+01 1.416568908074831867e+01 1.449859461176211184e+01 1.479249845568936372e+01 1.505440681658636137e+01 1.528963930336597521e+01 1.550232969630384972e+01 1.569575353957155528e+01 1.587254980241644908e+01 1.603487523354294453e+01 1.618451454044588189e+01 1.632296075139617031e+01
7.177929603127917169e+00 9.868134193253467856e+00 1.140953753124530046e+01 1.248078156382580239e+01 1.329472799688904594e+01 1.394621667914097785e+01 1.448584519076889876e+01 1.494381863662009202e+01 1.533962131817498786e+01 1.568655768508647341e+01 1.599411756680694374e+01 1.626930793937113862e+01 1.651744981310510951e+01 1.674267896978523495e+01 1.694827353205830534e+01 1.713687560320876102e+01 1.731064559970910821e+01 1.747137240732529406e+01 1.762055371807380766e+01
4.070663538679885285e+00 6.678016107792183575e+00 8.139017492626452466e+00 9.132357249927649079e+00 9.870917386722146247e+00 1.044954987276612535e+01 1.091885669261797709e+01 1.130903949418693344e+01 1.163957123053874909e+01 1.192373722270881053e+01 1.217100062790402326e+01 1.238833455206254186e+01 1.258101937745384369e+01 1.275314401861105829e+01 1.290793407363564960e+01 1.304797409280608811e+01 1.317536257080222484e+01 1.329182277771834286e+01 1.339878377156718514e+01
7.577565439556985361e+00 1.032761278827843299e+01 1.192719682001467696e+01 1.305574408072412496e+01 1.392621169658814928e+01 1.463346066406357870e+01 1.522809376413364468e+01 1.574031670735473298e+01 1.618961295585058835e+01 1.658928576636857954e+01 1.694882386382426986e+01 1.727523340890668280e+01 1.757383498525487298e+01 1.784876438885223493e+01 1.810330022555744378e+01 1.834008556553775904e+01 1.856128228231863631e+01 1.876868120998892309e+01 1.896378247739342626e+01
5.568886423443685452e+00 8.187697351876249030e+00 9.660142987352209332e+00 1.066457456850072205e+01 1.141382835413053698e+01 1.200274421139913983e+01 1.248192100662979520e+01 1.288156142916511371e+01 1.322114225258674658e+01 1.351395485650022188e+01 1.376947039664931793e+01 1.399467169203562733e+01 1.419485034491010644e+01 1.437410778938203393e+01 1.453568323181601052e+01 1.468217570649962056e+01 1.481569885656118402e+01 1.493799155959730385e+01 1.505049874486501515e+01
6.038988717393285022e+00 8.646465983094577368e+00 1.010697035555454271e+01 1.109979510770156530e+01 1.183790056811029423e+01 1.241615870125538379e+01 1.288517810991909052e+01 1.327516253878226138e+01 1.360558500883448474e+01 1.388972976803024828e+01 1.413705814270647743e+01 1.435454084942095498e+01 1.454745544741708052e+01 1.471988768668760628e+01 1.487505973559887984e+01 1.501555251698766469e+01 1.514346076176530076e+01 1.526050389605441460e+01 1.536810710462189000e+01
2.087354997130077994e+00 4.645746907048071250e+00 6.140464232009815504e+00 7.179556835022662398e+00 7.966178968771598257e+00 8.592659202830697396e+00 9.108705850794803993e+00 9.544142216909794030e+00 9.918265329321473089e+00 1.024427800194830063e+01 1.053161004930723621e+01 1.078723016516313038e+01 1.101643301764434568e+01 1.122333482561210616e+01 1.141119805670505372e+01 1.158265139946293942e+01 1.173984309513092228e+01 1.188455047952646559e+01 1.201825993873167597e+01
1.375059897209306659e+00 3.368170889358014009e+00 4.688545625182589660e+00 5.661794349975825646e+00 6.421948316273725865e+00 7.039243451201406820e+00 7.554721925092849233e+00 7.994265378643066633e+00 8.375170575006958273e+00 8.709536933111650114e+00 9.006144656519781577e+00 9.271559721136014787e+00 9.510816626988642497e+00 9.727857916928977389e+00 9.925827125320948241e+00 1.010726994351095342e+01 1.027427597214295041e+01 1.042858088776496039e+01 1.057164155752404788e+01
9.148693040582621450e+00 1.191577161056369683e+01 1.353424717070895689e+01 1.468191277664980099e+01 1.557151890522239768e+01 1.629787515133794429e+01 1.691156656415327575e+01 1.744279137541158065e+01 1.791102941827698203e+01 1.832958199083155293e+01 1.870793666571676894e+01 1.905309887432507665e+01 1.937038870827224457e+01 1.966394161231522375e+01 1.993703592880824260e+01 2.019231452150592432e+01 2.043193909620491056e+01 2.065770034649391107e+01 2.087109828059860916e+01
5.661877195981714017e+00 8.347550051274446048e+00 9.888417480967801154e+00 1.095972687538007762e+01 1.177390964197306289e+01 1.242569707143425539e+01 1.296564877367966950e+01 1.342395367609606005e+01 1.382008820533939009e+01 1.416735259342003950e+01 1.447523424616333543e+01 1.475073867332513977e+01 1.499918596619959921e+01 1.522471131914530851e+01 1.543059247887439156e+01 1.561947131394275345e+01 1.579350810441140318e+01 1.595449167077334707e+01 1.610391969308429339e+01
6.255117708797934384e+00 8.976842310342560083e+00 1.055096712503311984e+01 1.165465291715287144e+01 1.250057364172299401e+01 1.318352010123870777e+01 1.375407123885491778e+01 1.424242311288332452e+01 1.466805487193193613e+01 1.504426776606473126e+01 1.538054960961626705e+01 1.568390620721706163e+01 1.595965807639879586e+01 1.621194109826727114e+01 1.644403403793346996e+01 1.665858015394417180e+01 1.685774150994275900e+01 1.704330911459559772e+01 1.721678324454158826e+01
5.192716288627607035e+00 7.819741011366261318e+00 9.313727033054176374e+00 1.034095560060476160e+01 1.111269260428731620e+01 1.172337439029452000e+01 1.222345816100375337e+01 1.264308907279371041e+01 1.300172090788374213e+01 1.331263931956043578e+01 1.358531992439482750e+01 1.382675686827686690e+01 1.404225817235107066e+01 1.423594569946623700e+01 1.441108234232181928e+01 1.457029349342119673e+01 1.471572133015157391e+01 1.484913499811833049e+01 1.497201102288281760e+01
8.097639904113291820e+00 1.082886754590166056e+01 1.240967429101083930e+01 1.351957337796278047e+01 1.437153315433740275e+01 1.506041781265557589e+01 1.563683157852951844e+01 1.613098105535898696e+01 1.656235037306779034e+01 1.694424334192417447e+01 1.728614916970692406e+01 1.759507444844841473e+01 1.787634015069779636e+01 1.813408242348133115e+01 1.837158018821544658e+01 1.859147679640655326e+01 1.879593436937295792e+01 1.898674395579697460e+01 1.916540586608446972e+01
4.428027522775472846e+00 7.131427360446727981e+00 8.707356087122160915e+00 9.815874960496968171e+00 1.066747740049548732e+01 1.135640723724375611e+01 1.193305350151830169e+01 1.242753190708172539e+01 1.285928270552923713e+01 1.324158636064883865e+01 1.358391870228574483e+01 1.389327819535865238e+01 1.417498063646868722e+01 1.443315874564502721e+01 1.467108910066946414e+01 1.489141340619911524e+01 1.509629259964458647e+01 1.528751686223425743e+01 1.546658585877510639e+01
6.185464521160064066e+00 8.768694654343581973e+00 1.020792526042812653e+01 1.118074406232740081e+01 1.189989381273346858e+01 1.246018898338382819e+01 1.291221211596938900e+01 1.328614698354891743e+01 1.360144580013245275e+01 1.387136901683222412e+01 1.410535060782286187e+01 1.431033045762712597e+01 1.449155218615007534e+01 1.465306501657794236e+01 1.479805259178533383e+01 1.492905592023409689e+01 1.504812902778540895e+01 1.515695040824172324e+01 1.525690459904950025e+01
4.947522072049219233e+00 7.624525299494435693e+00 9.154935936727534695e+00 1.021570792307144515e+01 1.101948984592807967e+01 1.166106863975870667e+01 1.219102399342692422e+01 1.263955375229207867e+01 1.302613882485599284e+01 1.336408179627351345e+01 1.366287121908434976e+01 1.392951295687455904e+01 1.416932686557238874e+01 1.438644742418850875e+01 1.458415124792477968e+01 1.476507869864893507e+01 1.493138820374254649e+01 1.508486640809162793e+01 1.522700851318569804e+01
6.798595306684601880e+00 9.446944246865806250e+00 1.094732723494737137e+01 1.197858332439938778e+01 1.275360556904665721e+01 1.336724606923630176e+01 1.387010889096214505e+01 1.429240233067866939e+01 1.465361123512787422e+01 1.496703817092087618e+01 1.524216875618432177e+01 1.548600349733866288e+01 1.570385474569788720e+01 1.589984751268037044e+01 1.607724712989551819e+01 1.623868099281487787e+01 1.638629300976226943e+01 1.652185388560935664e+01 1.664684159571332600e+01
7.889946884819686090e+00 1.062897372346260916e+01 1.224713261173292267e+01 1.339578679225847679e+01 1.428656829615545476e+01 1.501414280813378888e+01 1.562906504302323363e+01 1.616152470364724536e+01 1.663099873094204284e+01 1.705078729867368992e+01 1.743037749794835634e+01 1.777677453853052114e+01 1.809529840261920697e+01 1.839008447961015946e+01 1.866441108226771561e+01 1.892092105861541285e+01 1.916177610564285416e+01 1.938876691219780568e+01 1.960339348384576752e+01
1.927689014666857270e+00 4.232367326529486107e+00 5.651398258572887912e+00 6.653042819389061613e+00 7.415109215128356190e+00 8.022769101810268921e+00 8.523085565718261591e+00 8.944715900381236651e+00 9.306374838105774927e+00 9.620945584104442005e+00 9.897668672319939631e+00 1.014339318627356334e+01 1.036333365939852236e+01 1.056154959223921708e+01 1.074126113779451508e+01 1.090506378873427984e+01 1.105507849787462327e+01 1.119305921262040115e+01 1.132047154842531356e+01
7.480921609573064401e+00 1.015925558706169873e+01 1.168807324398079039e+01 1.274686292140527044e+01 1.354859503149188527e+01 1.418813811552025683e+01 1.471610060311474122e+01 1.516269265727765969e+01 1.554740117061252214e+01 1.588353185836678705e+01 1.618057494705060861e+01 1.644553714738286487e+01 1.668373864545357321e+01 1.689931389788673499e+01 1.709553923818235788e+01 1.727505454350407632e+01 1.744001758978158634e+01 1.759221422864532158e+01 1.773313874490041897e+01
5.705912735310963768e+00 8.443800875688841856e+00 1.003637205413253142e+01 1.115869975926926649e+01 1.202319784402307334e+01 1.272459215469885763e+01 1.331343887221477473e+01 1.381992415671325958e+01 1.426352211426034344e+01 1.465753108338162392e+01 1.501143701809102105e+01 1.533224443484460053e+01 1.562527290323160578e+01 1.589465757631463916e+01 1.614367664499487631e+01 1.637497290943248629e+01 1.659070806795688213e+01 1.679267284290627416e+01 1.698236729458946570e+01
5.154851465405710265e+00 7.845116133027054239e+00 9.385756893412194657e+00 1.045610067552489042e+01 1.126909558577271930e+01 1.191960322936319017e+01 1.245822879623103319e+01 1.291518065122382986e+01 1.330994471285460357e+01 1.365582633657983713e+01 1.396231591997682209e+01 1.423642083713489725e+01 1.448346240834951892e+01 1.470757668018049635e+01 1.491204201852728239e+01 1.509950076195884705e+01 1.527211356224116656e+01 1.543166954517872114e+01 1.557966665034684972e+01
7.246522449898995077e+00 9.933022455294599595e+00 1.147074789124287975e+01 1.253838926842700552e+01 1.334881485068901696e+01 1.399686647987878985e+01 1.453314265826731422e+01 1.498784900984393609e+01 1.538047013355524939e+01 1.572431061580809164e+01 1.602886028598189583e+01 1.630112599392280970e+01 1.654642850329332759e+01 1.676890323240886005e+01 1.697182782668063084e+01 1.715784380133971965e+01 1.732911087715302045e+01 1.748741714002941805e+01 1.763425938186422570e+01
3.440521799227370892e+00 6.175211242698053660e+00 7.782598471208459934e+00 8.922400959352051686e+00 9.805090242639129983e+00 1.052490932587883243e+01 1.113224824616958308e+01 1.165722349852901729e+01 1.211927575558810588e+01 1.253168563727953355e+01 1.290392895762315462e+01 1.324300405924850565e+01 1.355422655347166661e+01 1.384172894074171012e+01 1.410878756415726087e+01 1.435804389165731720e+01 1.459165863097749671e+01 1.481142174714352500e+01 1.501883270687014260e+01
5.325972238303553041e+00 7.969308347482400023e+00 9.468094269955336983e+00 1.049830704664729097e+01 1.127247316497837026e+01 1.188535143256562954e+01 1.238751301059968490e+01 1.280915201391947100e+01 1.316974623312528614e+01 1.348259428530037063e+01 1.375717932524760734e+01 1.400050015222199562e+01 1.421786780896963798e+01 1.441340621050386872e+01 1.459037970256703609e+01 1.475141474843025158e+01 1.489865434589901483e+01 1.503386829347618914e+01 1.515853365545229714e+01
3.638299441477685470e+00 6.283987004314790958e+00 7.800419782837182403e+00 8.850113610325630376e+00 9.643848007449815185e+00 1.027593498486759138e+01 1.079678766884825514e+01 1.123653284148096887e+01 1.161461663556316459e+01 1.194432265619231082e+01 1.223512801796243110e+01 1.249403097026118736e+01 1.272634575340329555e+01 1.293620227183700599e+01 1.312687307862219832e+01 1.330099468314012512e+01 1.346072169273171859e+01 1.360783686063948217e+01 1.374383136549029416e+01
6.954107449541290897e+00 9.591446723133222108e+00 1.108040180631641292e+01 1.210050067620344194e+01 1.286472703648950500e+01 1.346795729114468188e+01 1.396080415687365495e+01 1.437347882293857460e+01 1.472546602697527085e+01 1.503006619528409082e+01 1.529676119171613280e+01 1.553254637593830090e+01 1.574272770766124907e+01 1.593142268194642241e+01 1.610188810056352438e+01 1.625674192560542863e+01 1.639811783965288328e+01 1.652777564212469841e+01 1.664718183649764072e+01
1.737398688256169832e+00 4.365460469252612441e+00 5.868118325413354874e+00 6.904963143670088677e+00 7.686381597726723136e+00 8.306584650915054269e+00 8.815949840986858632e+00 9.244588509480561100e+00 9.611938685330132515e+00 9.931278712204660408e+00 1.021208145820492064e+01 1.046134111719934445e+01 1.068436766788979675e+01 1.088528635059204674e+01 1.106736455798907137e+01 1.123323310579679557e+01 1.138504037079141540e+01 1.152456235600173251e+01 1.165328300102812520e+01
3.815836263106416659e+00 6.401630090648408711e+00 7.841884096722727904e+00 8.815445257925855316e+00 9.535219989160170329e+00 1.009606516857734704e+01 1.054857884266841239e+01 1.092295203095031120e+01 1.123864115986130230e+01 1.150890966847156349e+01 1.174319401177377920e+01 1.194843635487465505e+01 1.212988253117657322e+01 1.229158396317455448e+01 1.243672649261018925e+01 1.256785332074737482e+01 1.268702064547192343e+01 1.279590909369880158e+01 1.289590527875018822e+01
4.925587277207840842e+00 7.610333724942897504e+00 9.145337900996178604e+00 1.021013558237290297e+01 1.101770209125010602e+01 1.166290648886633008e+01 1.219635696242105638e+01 1.264826338105766723e+01 1.303811249200564859e+01 1.337921008399012024e+01 1.368104670420097335e+01 1.395062964296549168e+01 1.419327992871395416e+01 1.441313312241561206e+01 1.461346692014646109e+01 1.479692281378347474e+01 1.496566043810461011e+01 1.512146773808269629e+01 1.526584131528931998e+01
8.038266246803546622e+00 1.078538836238979037e+01 1.238225231644013036e+01 1.350812316199368368e+01 1.437593801787959791e+01 1.508055294424117498e+01 1.567256904875511481e+01 1.618219136339005004e+01 1.662890304535186914e+01 1.702600720817518365e+01 1.738299251096535514e+01 1.770686508844801565e+01 1.800294551987714087e+01 1.827536960889409556e+01 1.852741597578464550e+01 1.876172770884974383e+01 1.898046670160107041e+01 1.918542380880234788e+01 1.937809917990754727e+01
9.292912872394680335e+00 1.205402517410073315e+01 1.366447657794543957e+01 1.480382178366837564e+01 1.568503374750589430e+01 1.640297732382112983e+01 1.700825656102195538e+01 1.753107764868304841e+01 1.799092423283510200e+01 1.840109962733899707e+01 1.877109255435971136e+01 1.910790914178329558e+01 1.941686992489543684e+01 1.970211064334731432e+01 1.996690984287716830e+01 2.021391053218029654e+01 2.044527452343690399e+01 2.066279259044835825e+01 2.086796480343601345e+01
2.772198890469578458e+00 5.131634244401698908e+00 6.522355424790750256e+00 7.478968720638979661e+00 8.192118790261650574e+00 8.750620027366062814e+00 9.202863754340148361e+00 9.578071796396288917e+00 9.895217985141623984e+00 1.016730291880215731e+01 1.040361022661696566e+01 1.061098890393843419e+01 1.079462608572831250e+01 1.095853546192047467e+01 1.110587843075626502e+01 1.123918245325580045e+01 1.136049383105446609e+01 1.147148728877435175e+01 1.157354629578184380e+01
5.333657645385941670e+00 8.021769169244089781e+00 9.563653461963838254e+00 1.063573951300377907e+01 1.145060871170512051e+01 1.210303010700058834e+01 1.264357645657289098e+01 1.310244226050390637e+01 1.349910665497151641e+01 1.384687134153268318e+01 1.415522460680572081e+01 1.443117254502702274e+01 1.468003567887788385e+01 1.490594955609152450e+01 1.511219224026445396e+01 1.530140590426428737e+01 1.547575113405997804e+01 1.563701706615690235e+01 1.578670171180599269e+01
6.540582009753068249e+00 9.248066040986733682e+00 1.080543016769196107e+01 1.189218326265521597e+01 1.272129463340160882e+01 1.338762991800321700e+01 1.394179478178918963e+01 1.441399715883028243e+01 1.482372236858199699e+01 1.518427525641578413e+01 1.550514590387823333e+01 1.579334161119825275e+01 1.605418389068381657e+01 1.629180925867201424e+01 1.650949683406636126e+01 1.670988999319272139e+01 1.689515070915800976e+01 1.706706970949239022e+01 1.722714681103552437e+01
6.390416879213532297e+00 9.099435345573603229e+00 1.065961902520002269e+01 1.174935111598949788e+01 1.258145934151505330e+01 1.325077363732215474e+01 1.380788709733639408e+01 1.428300221372135859e+01 1.469560158644457282e+01 1.505898855153200877e+01 1.538265228690673148e+01 1.567359952445501747e+01 1.593715141136526192e+01 1.617744423291003386e+01 1.639775697258643561e+01 1.660073294456307380e+01 1.678853411935705964e+01 1.696295127275551806e+01 1.712548431489544853e+01
7.506715485373036678e+00 1.019207722294613561e+01 1.172774183406296800e+01 1.279321677414787750e+01 1.360147380045646059e+01 1.424738107068306014e+01 1.478154643840043114e+01 1.523417960290853657e+01 1.562476719305694672e+01 1.596661489199443018e+01 1.626921313871804031e+01 1.653956910596473051e+01 1.678300369204497144e+01 1.700365231386340525e+01 1.720479250896155321e+01 1.738906559619308112e+01 1.755863102311867863e+01 1.771527653380508127e+01 1.786049851588425597e+01
5.913607753892179630e+00 8.650028789092660375e+00 1.023611669025454241e+01 1.135126425361284674e+01 1.220842464250120152e+01 1.290245810498391776e+01 1.348396737042388516e+01 1.398315830390443892e+01 1.441951459193455065e+01 1.480633973825452365e+01 1.515312271823653134e+01 1.546686993775617758e+01 1.575290221598194762e+01 1.601535557237634677e+01 1.625750882282165222e+01 1.648200523317092703e+01 1.669100685770861858e+01 1.688630469594058781e+01 1.706939902648011298e+01
5.358824767254065868e+00 8.103653574869332132e+00 9.697976322565404317e+00 1.082127691670784309e+01 1.168651968061381119e+01 1.238856746758422744e+01 1.297802376040708339e+01 1.348509461830833800e+01 1.392926371784348127e+01 1.432383447041405589e+01 1.467829572531239002e+01 1.499965375040575566e+01 1.529322922563515874e+01 1.556315803568072553e+01 1.581271886927947712e+01 1.604455487467793162e+01 1.626082799928335376e+01 1.646332914723326724e+01 1.665355851381260521e+01
3.190388255747922841e+00 5.951819365681409124e+00 7.564926648050382951e+00 8.707267528430842063e+00 9.591567888893450800e+00 1.031263147003840608e+01 1.092104133324951221e+01 1.144699488023518086e+01 1.190997154660844970e+01 1.232327242050577532e+01 1.269638495530982425e+01 1.303631451079403014e+01 1.334838113366012102e+01 1.363672023953514945e+01 1.390461015138551559e+01 1.415469371981224178e+01 1.438913264156967564e+01 1.460971760398539132e+01 1.481794861094653015e+01
1.778047342876932779e+00 4.043775259631058105e+00 5.465928495285321986e+00 6.480897858957307633e+00 7.259327562599247941e+00 7.884257541478315368e+00 8.401953481006421143e+00 8.840722848327281724e+00 9.219108880494315983e+00 9.549904227030101111e+00 9.842299626814305924e+00 1.010311676946128756e+01 1.033755608552493754e+01 1.054967141904616490e+01 1.074268297471349065e+01 1.091919036764761408e+01 1.108132170956628393e+01 1.123084045305075307e+01 1.136922357834926167e+01
6.080459532300829473e+00 8.785047902393857910e+00 1.033948969193258272e+01 1.142335849265193204e+01 1.224963202770329751e+01 1.291317826529646240e+01 1.346460384194778648e+01 1.393411721730930708e+01 1.434120404187553532e+01 1.469916938328380596e+01 1.501750347057669721e+01 1.530321369174638946e+01 1.556162159438671289e+01 1.579686368143572750e+01 1.601221901188138830e+01 1.621033085700804577e+01 1.639336104078324752e+01 1.656310009837994457e+01 1.672104761190967892e+01
6.286578575616560194e+00 9.001881893623147946e+00 1.056689699470032373e+01 1.166119094549525492e+01 1.249773974031915458e+01 1.317141021706656012e+01 1.373280809374133327e+01 1.421214105149429230e+01 1.462889408442005390e+01 1.499637172103871130e+01 1.532406376758461697e+01 1.561897730576534649e+01 1.588643369391241400e+01 1.613056936315633649e+01 1.635466341834845849e+01 1.656135929423794906e+01 1.675281909547012305e+01 1.693083375438586557e+01 1.709690336569215319e+01
