7.015353863774318466e-01 1.835775424885847551e+00 2.542678398171478893e+00 3.058851202118210821e+00 3.465556560924677232e+00 3.800962731227293112e+00 4.086159077718743760e+00 4.334055417828781565e+00 4.553138540503995024e+00 4.749289859928722990e+00 4.926754727796573974e+00 5.088698657004816717e+00 5.237545383023576306e+00 5.375192087360812998e+00 5.503151766961727809e+00 5.622650491840522236e+00 5.734695694796475784e+00 5.840125271748416225e+00 5.939643622980379511e+00
9.694695360615732671e-01 2.018920853146713768e+00 2.646453082564644621e+00 3.087774730054072769e+00 3.423721725752034040e+00 3.692160623626623117e+00 3.913926874342381179e+00 4.101700960258154893e+00 4.263756757696255839e+00 4.405776060069551470e+00 4.531816601876576200e+00 4.644867677703827802e+00 4.747187825509508130e+00 4.840519714098487469e+00 4.926232148453544291e+00 5.005416915078193973e+00 5.078956612879644616e+00 5.147573258572636590e+00 5.211863809917242740e+00
4.040823271115809856e-01 1.343111349381437503e+00 1.934354805710523539e+00 2.369488179485993662e+00 2.713561590457967743e+00 2.997413132301420369e+00 3.238320986334254137e+00 3.447012324044782972e+00 3.630631283103100237e+00 3.794186270095130098e+00 3.941329162724604540e+00 4.074806929955974155e+00 4.196738829625386025e+00 4.308794549529199713e+00 4.412313093665061636e+00 4.508384671096857588e+00 4.597908637829401179e+00 4.681635455358718723e+00 4.760197694397890977e+00
1.334771062979273948e+00 2.631655529541391036e+00 3.372893155043032554e+00 3.885059593604735184e+00 4.271890830378634263e+00 4.579850599174196013e+00 4.833786286926080145e+00 5.048540421564446490e+00 5.233681226846544909e+00 5.395730881853750383e+00 5.539328990551727117e+00 5.667888958371795738e+00 5.783991375797593371e+00 5.889631539604778254e+00 5.986381558748898435e+00 6.075500141783014563e+00 6.158009101388024042e+00 6.234747989320803541e+00 6.306413953464582889e+00
2.371247913611983282e+00 3.686238888079930831e+00 4.456475141123264372e+00 4.999304543973541293e+00 5.416553271534688463e+00 5.754072799063750132e+00 6.036479202528751919e+00 6.278528642330587495e+00 6.489767688380785771e+00 6.676728945703576557e+00 6.844079434251338689e+00 6.995269273778857766e+00 7.132920833376059200e+00 7.259073773835410748e+00 7.375345629228903022e+00 7.483040620850924363e+00 7.583225523076053243e+00 7.676783872666821829e+00 7.764455541291247265e+00
9.514475671586439809e-01 2.112035305627668613e+00 2.816710942372904647e+00 3.320881184726355517e+00 3.711283293912392978e+00 4.028260658314782638e+00 4.293935481064574233e+00 4.521768467674579739e+00 4.720565047729277985e+00 4.896402050980364962e+00 5.053649899911953902e+00 5.195556639801391263e+00 5.324601590791755434e+00 5.442719782792590166e+00 5.551450009938549535e+00 5.652035729044118995e+00 5.745495756270689647e+00 5.832675003309664596e+00 5.914281657752231247e+00
4.034491563377839984e-01 1.298184140877776560e+00 1.845108422033463036e+00 2.237462774138687216e+00 2.540865011274438867e+00 2.786344213481075194e+00 2.991203961833787783e+00 3.166117309645554379e+00 3.318134657942307442e+00 3.452151391926321367e+00 3.571698191606842432e+00 3.679399019477644917e+00 3.777252070496475156e+00 3.866810136782746543e+00 3.949300781493786161e+00 4.025708921956625552e+00 4.096835080660309103e+00 4.163337399863282329e+00 4.225762535109808482e+00
2.375471005300788363e+00 3.655512274652522375e+00 4.396959069579509993e+00 4.913427910638396234e+00 5.305910062444404218e+00 5.619947269112489430e+00 5.880001480988976681e+00 6.100734359868801526e+00 6.291624946143024921e+00 6.459152089076695802e+00 6.607936821361312774e+00 6.741388064702283245e+00 6.862090203397813504e+00 6.972047251753641817e+00 7.072842931542413503e+00 7.165749186787135905e+00 7.251801867443970373e+00 7.331854824754669764e+00 7.406619410017296623e+00
1.265436817228838384e+00 2.437928546049736855e+00 3.120634629644029268e+00 3.594024958247958423e+00 3.951278760239241183e+00 4.235064020273108021e+00 4.468485821841197136e+00 4.665445178975813789e+00 4.834936268316201158e+00 4.983097080273322099e+00 5.114290758135235926e+00 5.231720352808217456e+00 5.337799505699204694e+00 5.434386797140161818e+00 5.522939777707354558e+00 5.604619550925330707e+00 5.680363761039292747e+00 5.750938744107438438e+00 5.816977557239461305e+00
1.993584307374688391e+00 3.302250689111653870e+00 4.076280284174569779e+00 4.625505319849380292e+00 5.050112450719354662e+00 5.395387418328431828e+00 5.685700102755391505e+00 5.935683217117364130e+00 6.154815334872068000e+00 6.349589122727445911e+00 6.524647108465710055e+00 6.683423996541014489e+00 6.828532359914796679e+00 6.962005692754444475e+00 7.085457790700396608e+00 7.200190809534268155e+00 7.307270639456350025e+00 7.407580784679648644e+00 7.501861708882945123e+00
