3.390929083645057407e+00 6.106189306797355165e+00 7.707879744206530326e+00 8.843967282974217525e+00 9.723338220649914376e+00 1.043921985105784778e+01 1.104504189103554346e+01 1.156875783761824650e+01 1.202791803325439979e+01 1.243419906958944843e+01 1.280515827771115589e+01 1.314241783381194573e+01 1.344893967648641464e+01 1.373264710623482898e+01 1.400040666781053389e+01 1.424551685063702422e+01 1.447932881286279816e+01 1.469173283104524330e+01 1.490208180111462433e+01
4.616924849840186695e+00 7.196106695053515523e+00 8.651816047591125880e+00 9.640026639233543193e+00 1.036803473627453975e+01 1.095648899655382458e+01 1.140945422831390665e+01 1.181178715170353755e+01 1.211385858733628496e+01 1.242537197562715434e+01 1.265813187852925736e+01 1.290819093504302728e+01 1.304357598072045299e+01 1.323380764134717680e+01 1.339029203758722275e+01 1.350209270217600732e+01 1.361459151041251125e+01 1.370521834919701121e+01 1.381782940021245487e+01
1.964971846682172840e+00 4.407964185383876021e+00 5.910582438941395012e+00 6.979104754492495566e+00 7.799807551162484920e+00 8.468371536042171854e+00 9.022685495747705176e+00 9.502923002200455826e+00 9.904222731654554579e+00 1.028136305661649352e+01 1.059997915469703145e+01 1.089562251736582255e+01 1.115476131467682386e+01 1.139121787726488400e+01 1.162307810562782251e+01 1.181258766157071882e+01 1.201648814885192706e+01 1.220860114661031126e+01 1.235582781036296929e+01
6.447789173228347437e+00 9.104453994497534453e+00 1.061293922523810096e+01 1.164882296868930212e+01 1.243546576231754841e+01 1.304059571842320864e+01 1.354984288935275849e+01 1.398278367776907061e+01 1.435610164814957379e+01 1.466205239781829484e+01 1.497057357148248435e+01 1.519142851999415811e+01 1.542991215083022283e+01 1.560529300519646512e+01 1.583668656760427318e+01 1.596980200601100819e+01 1.612832536041189968e+01 1.627463106054867836e+01 1.635492162328941745e+01
7.780133065250399049e+00 1.050634646457750421e+01 1.208247146033395580e+01 1.318597662478283894e+01 1.403692401292277836e+01 1.471766634036193011e+01 1.529131875239960969e+01 1.577888657899115898e+01 1.620623031419927074e+01 1.658792371249042574e+01 1.692257337252255667e+01 1.722268989667866279e+01 1.749997786030522917e+01 1.776192676189650754e+01 1.800028706647407972e+01 1.820841969038433916e+01 1.841919192479548428e+01 1.859892458524459613e+01 1.877101855217741999e+01
4.198925894787629787e+00 6.889879407509730491e+00 8.446183453729991797e+00 9.532798313421034564e+00 1.036679958791084033e+01 1.103108319966094086e+01 1.158878957064070292e+01 1.206676855906736989e+01 1.247626640848289448e+01 1.284079672040397924e+01 1.316938058032151382e+01 1.345692949525306936e+01 1.372786354282845167e+01 1.394276804680049331e+01 1.418857113366129141e+01 1.437714957371852087e+01 1.458541900669125546e+01 1.474942830642316594e+01 1.491006498790049228e+01
3.458669930772469314e+00 6.008982557206246966e+00 7.464538402897636260e+00 8.460305951142576220e+00 9.179875448816739336e+00 9.758374560849615520e+00 1.023600544878196850e+01 1.060319853220524955e+01 1.089558768649676779e+01 1.121210448336950449e+01 1.145781408862947082e+01 1.164686259080875175e+01 1.187757169992992878e+01 1.199552414219316532e+01 1.220679658246044674e+01 1.231867956872049064e+01 1.251182642502161890e+01 1.256736078471711693e+01 1.263254112273060592e+01
7.826563267154075909e+00 1.050104215894617354e+01 1.202655965556161100e+01 1.307943895254044619e+01 1.388292954495472209e+01 1.451596624290893800e+01 1.503987142889954676e+01 1.549185966289623195e+01 1.587133293249739019e+01 1.621270009006356716e+01 1.648915827258169742e+01 1.676469236512594563e+01 1.699550840143428587e+01 1.720951402121221108e+01 1.742062731027232658e+01 1.758553034214228461e+01 1.776367395866184751e+01 1.788760264490497320e+01 1.805881389344585486e+01
6.460083855924477980e+00 9.071775323111358702e+00 1.053613260495486159e+01 1.153693807823694861e+01 1.226530498340576081e+01 1.286097524575142259e+01 1.331508244749807623e+01 1.373863259635840528e+01 1.404197425155367362e+01 1.433415630812770125e+01 1.459240026320759043e+01 1.482765159637946795e+01 1.502502011484718558e+01 1.517205713556923996e+01 1.531298464178386176e+01 1.546319676854415093e+01 1.565334835912244316e+01 1.572504656740114015e+01 1.577126873670818874e+01
7.324724948998952101e+00 1.008519088571323508e+01 1.169651777744657295e+01 1.283756895992836178e+01 1.371972709038774596e+01 1.443615867702889410e+01 1.504220204820738438e+01 1.556928804478376094e+01 1.602640057964751463e+01 1.643841356434278467e+01 1.680872395662403918e+01 1.714341298466565178e+01 1.745531184547510506e+01 1.773959647782987759e+01 1.800534815364901675e+01 1.825100151320641118e+01 1.848375839998704961e+01 1.870375398696290503e+01 1.890766970082390230e+01
