1.027398080153957238e+01 9.151344718044979176e-01 8.135103682073725473e-01 1.064592334880143029e-02
2.409345374984872024e+01 3.931098233051062429e-01 3.181316463403796035e-01 1.082886269081103844e-02
3.536387232490965005e+01 3.296251284427307304e-01 1.400031259540697737e-01 1.618488657124689950e-02
3.182641414192762852e+01 4.991995862370184334e-01 4.250766463711638798e-01 1.549308724868397186e-02
1.965354122828825822e+01 2.482746897740904235e-01 5.176786766708365572e-01 3.320660158258647958e-03
1.193352563650785036e+01 4.799016075837423401e-01 5.845168462298477863e-01 4.372137633639583409e-03
2.016129436239565109e+01 7.599394855478853739e-01 7.550931461925325383e-01 1.788246077098508066e-02
2.609823542207979585e+01 2.361365146636545675e-01 8.090788748518585871e-01 9.619910259781046247e-03
1.105977826671623454e+01 5.063438818093205507e-01 5.279953291908842661e-02 1.679759926494123548e-02
1.242529966905880023e+01 3.094557715922421903e-01 3.912261474328085353e-01 1.843324089757297432e-02
3.697039281903114727e+01 7.486616558000616095e-01 1.474545398752936665e-01 1.409383119292223659e-02
2.285173980812227512e+01 1.306523968011662207e-01 7.333872962694673037e-01 6.483318131934812101e-03
8.266810199891061472e+00 9.809323558351455974e-01 8.586729302863876923e-01 1.565551209118908743e-02
2.968744191682257849e+01 8.404136100490773309e-01 1.085775137320804107e-01 6.060479603042021393e-03
1.266858722726313857e+01 9.990306765458183413e-01 8.355379423941201589e-01 1.971215043413172829e-02
1.322525550287811669e+01 3.964807694519911774e-01 1.928799175383214548e-01 1.464633082732805236e-02
2.157288186149529352e+01 9.660897156723836920e-02 4.477733900613413143e-01 1.699189403375299737e-02
2.536235665063477285e+01 9.834880970789245946e-01 9.897762913780618066e-02 7.995510825480509846e-04
2.509216072809570264e+01 4.607611471871042030e-01 7.114880946123381955e-01 8.396530393343558385e-03
4.925588226518147650e+01 2.174683209790305716e-01 2.844062585400964349e-01 1.326710878695362521e-02
4.956816130329558234e+01 1.675179005751040728e-01 8.129423057273532649e-01 4.839230304403472835e-03
3.379868957217864534e+01 4.674554073702095747e-01 8.337907416699340268e-02 3.386567697026116996e-03
1.995747869102872940e+01 3.549318074034859410e-02 7.839273405678315321e-01 1.252630669871611369e-02
4.759464423818265288e+01 3.529661500491933501e-01 9.202119267707123407e-02 1.794050410802677797e-02
3.777168682668197164e+01 2.176516268535157173e-01 4.705506427316580864e-01 1.762939200365117379e-02
3.127875016565828048e+01 5.055469679050847986e-01 2.843993804417488946e-01 2.308461714635026436e-03
2.775549295734291988e+01 9.215422914119842934e-01 8.519793119666954073e-01 6.467618238625084601e-03
2.372097928473156614e+01 1.508060405205371435e-01 3.047561712353560881e-01 1.489573629876106246e-02
1.228714243097407532e+01 6.410969282930506496e-01 2.165659262021141507e-01 5.338669394361427942e-03
2.703239262284179745e+01 2.647907709330424297e-01 3.921819037046256895e-01 1.189239026842475559e-02
2.064968492274657308e+01 9.730898511712557930e-01 1.799454507334452003e-01 1.570703761091710518e-02
1.875203020102641460e+01 1.453303774129495185e-01 3.746548205994349456e-01 5.868010327216505520e-03
1.051788526530633661e+01 4.305511916945856665e-01 6.709680824458713611e-02 7.455424755281297999e-03
9.850879388493636313e+00 6.868528751100233531e-01 1.373757441100559584e-01 6.066828020485840259e-03
3.460176983667035699e+01 8.372658721769160595e-01 6.804957562575043584e-01 3.066313523286053576e-03
1.769599702737949798e+01 4.518023765450707163e-01 9.567399906253826192e-01 1.585489990632243809e-03
9.120101820625274414e+00 2.722344344148508455e-01 4.703385425751341886e-01 4.577875765292786087e-03
1.739257845880462128e+01 5.185851353631345528e-01 9.647405521099853276e-01 1.723913887383086291e-02
4.588324555460589238e+01 5.264234898356465742e-01 9.211941749955157022e-01 9.092557837076967880e-03
3.438172133245328865e+01 6.109564540117987663e-01 1.995576690994671221e-01 3.675249668006403021e-03
3.015985310877754344e+01 4.873985055445408943e-01 3.088832319705007712e-01 1.048177181592296371e-02
9.613177728676005174e+00 9.018561826288055139e-01 6.969824767363129725e-01 1.299911032998010696e-02
2.794522602259023003e+01 8.090405407896739121e-01 6.897653072824662113e-01 1.400728175083994394e-02
2.153522274701031591e+01 1.108716381860166272e-01 1.506464748321257596e-01 8.850271672489595093e-03
1.434928334784896542e+01 2.585814846262832756e-01 9.161330370100603249e-01 1.404908771178444739e-02
1.892324961217782686e+01 1.907738216880845716e-01 9.582965219883996522e-01 1.976478410999054844e-02
9.220625794200797642e+00 9.729848501419249285e-01 6.191993063625013116e-01 4.614228462789133137e-03
2.337738689113811930e+01 9.910075425777630231e-01 5.961129022217307449e-01 1.163621391444483698e-02
2.731089230301889970e+01 1.069974897669394992e-01 5.461849334323191085e-01 6.092193491936213207e-03
8.241905207981108816e+00 6.192640783239909963e-01 5.365414738171139231e-01 1.143501344690222871e-03
2.427745137920542362e+01 4.078462617923905298e-01 7.928604024318887111e-01 1.546231357742235135e-02
2.060393662387777880e+01 6.272818758925231830e-02 8.642880750747041763e-01 1.734926812696569939e-02
1.528039905691144540e+01 6.332806465571138022e-01 6.463676083865901312e-01 1.525783688758317741e-02
2.949964593227148413e+01 1.323540757830059256e-01 9.079905459654499245e-01 1.087903388982404754e-02
4.689150666554451163e+01 4.339549319102169456e-01 4.363900003398309413e-01 4.401351219240296452e-03
2.891787208424803168e+01 6.207105947060122253e-02 2.535122127847831974e-01 1.229465229466757646e-02
8.613628089834246992e+00 9.386677921441867190e-01 5.231167469513885449e-01 3.269431831125492807e-03
3.528976994518950505e+01 7.696550788849335634e-01 5.479451208317448474e-02 1.610406698004968398e-02
4.402486747748611151e+01 7.292710255017601506e-01 7.526747745591062522e-01 5.245220961647512146e-04
4.789462297673514968e+01 5.891079466519693053e-01 6.366086315564168929e-01 1.642221460346518849e-03
1.918739688697870349e+01 9.553985395317589058e-01 2.924820433094338368e-01 5.382491252309339752e-03
4.118251006551104609e+01 1.797540796757495507e-01 6.586889472596431094e-01 3.190615964779735646e-03
4.430573343094322780e+01 7.310074561579448238e-01 9.874357889881494321e-01 1.400766901078859608e-02
1.572321863427693600e+01 2.132089894033477318e-01 6.356211384856269575e-01 9.128518101556005321e-03
4.321267238426086976e+01 3.741445819554466423e-01 6.423461888748733806e-01 7.289307889496887682e-03
4.329344678028300564e+01 5.373160945189634496e-01 4.403590286408889387e-01 1.192353269541694032e-03
1.929509113124269959e+01 4.048471446119045192e-01 8.438898719569678519e-01 1.660560924226838278e-02
4.644955006153556809e+01 7.270560815496185381e-01 1.217236570023799563e-01 1.036973564725398797e-02
2.012194633943791189e+01 9.583069246557397447e-01 4.828930806494906025e-01 1.955880214389370611e-02
2.685763682817051290e+01 6.496373967533560778e-01 3.098335567440161364e-01 1.748904680905579226e-02
2.425842709883754722e+01 3.049005645226188221e-01 6.523281271779400592e-02 1.875465717224199247e-02
2.582168236447377652e+01 4.872480645989918369e-01 5.288780738535687753e-01 2.810686405874062831e-03
8.588960381658448995e+00 2.688434748031894861e-01 4.916674681284839421e-01 3.938489856846348960e-03
1.766745064398663345e+01 4.585970829268961046e-01 4.830672409440651127e-01 1.893531145168282290e-02
1.346722346169990203e+01 5.474335001773867893e-01 8.762445928888208391e-01 8.026409587334644435e-03
4.459156593946548242e+01 9.942392554431483953e-01 9.822985619231749954e-01 8.650060487131790848e-03
1.605871547979604230e+01 6.713322024738813676e-01 3.162467066665051174e-01 1.317122270362566967e-02
2.367453427057180093e+01 9.418692342290984065e-01 6.401156604217241863e-01 1.324799323364883770e-02
8.891240151148744886e+00 6.871852354456454703e-01 1.776535349718099677e-01 1.984278192783927447e-02
1.249297195144686334e+01 2.561361869670164548e-01 8.752565294363141568e-01 1.004191439980109922e-02
1.892781431269353476e+01 1.762025651851225339e-01 7.595566943979762398e-01 9.853000948717827168e-03
4.860350694532429117e+01 5.001886248117173306e-01 5.507304535965280579e-01 1.384797020102106029e-02
4.752334760909904787e+01 9.091773064039198049e-01 4.321391787084783442e-01 6.178919715427435774e-03
2.398784541544540616e+01 7.431825948321987285e-01 8.008288790231246068e-01 7.567024327100361006e-03
1.174109791896597521e+01 8.151230434419851623e-01 2.119523868547190382e-01 5.094029086650108881e-03
2.718530532536913924e+01 6.072453730601239386e-01 5.680611766045119415e-01 5.081648775029423692e-03
1.473262383280236243e+01 1.612892596169939741e-01 3.409845168161406148e-01 1.421731337336004306e-02
3.758761700350540025e+01 2.204826287402011364e-01 6.549245747197919298e-01 7.296663754014475964e-03
4.613557624205626695e+01 9.487676498863899521e-01 9.636961824951845168e-01 2.182323988693299008e-03
4.024679378385491191e+01 3.733196696171899309e-01 8.391660971916322653e-01 1.437837782979864421e-02
3.147986590757535907e+01 4.881884322290036549e-01 5.380865323353544172e-01 1.407673741083800660e-02
1.686907213793277549e+01 4.234376219913859596e-01 6.050014882988927756e-01 1.170783438457111483e-02
4.045015971890038742e+01 5.840689659709323855e-01 9.674776557751534056e-02 2.779098980927307509e-03
3.461386079524434223e+01 3.749980686662218177e-01 4.023824716679368363e-01 1.290092039561849431e-02
2.374316612548537719e+01 3.054488962914550521e-01 8.524516574848682582e-02 1.117465393100256638e-02
2.738592064155133343e+01 5.260060806910393794e-01 8.171452890079065057e-01 1.820658795218961859e-02
2.697370880827295281e+01 5.965767216182937815e-01 1.393326731536403407e-01 3.375834011916301579e-03
4.093244934958566006e+01 2.814877120880848183e-01 6.733598411465129274e-01 8.598839934650284733e-03
2.157169572689696224e+01 4.301756152175171266e-01 4.640728022404533304e-01 1.907938211924976998e-03
3.120567382562856196e+01 1.804806057493186233e-01 3.063204281441119781e-01 1.745569615792074217e-02
3.948709831003871784e+01 8.123672634349817789e-01 3.717365077090920705e-02 5.277260581722571786e-03
3.563722774678035421e+01 8.591631786235887080e-02 9.752787726210476738e-01 1.913220360006871387e-02
1.910248537850790385e+01 2.996365544627066502e-01 4.148299848497085662e-01 9.780478428905855712e-03
2.222541401588738808e+01 2.061252206770503581e-01 5.583941017726148370e-01 1.063629850578021174e-02
1.729621451071320593e+01 3.902927046076334339e-01 8.133794964101772607e-01 1.054276084654611097e-02
4.968800432190753469e+01 8.722803416585316327e-01 6.674000339464899456e-01 1.780712468221983327e-02
4.239610696577531712e+01 1.058187477889486056e-01 4.453115907566095877e-01 1.723373566647133301e-02
2.604834792273905109e+01 8.827203243990925374e-01 6.143462017661113217e-01 1.067639960107339032e-02
2.223516034812170261e+01 8.137888593348923116e-01 6.572433144581867337e-01 1.074081415276027275e-02
4.807486925625178742e+01 9.953399867362755504e-01 1.162751958449093209e-01 1.621394681709555780e-02
3.344198479374561828e+01 9.680345496133089256e-01 3.262458583648396027e-01 3.702171802164596227e-03
2.874070697651907480e+01 9.285770447436908492e-01 4.024154899786000494e-01 1.951791648780690442e-03
1.936624000985471739e+01 5.301877407251991414e-01 1.994904445065037168e-01 8.319545479310581915e-03
3.489706220953927840e+01 5.125184628527811315e-01 1.134118944997449530e-01 1.156707099664204368e-02
2.099013300527460757e+01 6.802906915234683272e-01 8.622995394161939720e-01 3.752188418626165901e-03
4.874456476262567151e+01 2.393941871194132098e-01 8.210485968596534789e-01 3.660579068243816590e-03
9.866426477814208340e+00 7.019393900566812672e-01 7.650208754968261804e-01 1.440471344644715657e-02
1.253822192655816004e+01 8.803992496327341932e-01 7.584922435976227950e-01 3.077416395921819987e-03
1.316824999239639737e+01 1.492126292642406982e-01 3.615617994686628478e-01 1.892931949347301333e-03
1.407435503782220465e+01 5.651668772192353085e-01 9.042301122182404560e-01 1.839906723882722347e-02
9.303311932939422491e+00 2.081355251014476992e-01 1.042939124746902063e-01 4.759523938187565709e-03
8.865818579623519824e+00 8.966679727447282033e-01 2.587396012437649384e-01 2.423623939492894255e-03
1.662218836709190839e+01 1.101144329049082993e-01 7.848995712234387856e-01 9.467704366403217192e-03
4.739681748618560420e+01 4.959634007298985847e-01 4.775222376637707766e-01 2.133737246831099964e-03
2.971518193746225478e+01 3.112101992009820850e-01 7.324883650628865039e-01 1.103801656378880676e-02
8.093248676185288204e+00 7.825450429582910816e-01 1.437518776518917074e-01 2.105815165273018392e-03
2.527236282048747640e+01 5.836527612472067750e-01 4.909769908694470164e-01 3.533056749403770940e-03
4.932846811944745014e+01 6.242991452014898246e-02 9.997266852261502690e-01 1.696983380675113132e-02
1.173448764084110962e+01 6.300758726966837475e-01 1.997397319637275181e-01 1.009027435770769830e-02
1.977525709246575758e+01 8.232274633183683799e-01 4.711516249510619980e-01 1.345129025201314069e-02
1.649754217405809698e+01 7.053094082987320101e-01 2.812052936971599082e-01 4.578253319456732778e-03
1.343354530246960188e+01 3.172697544361908206e-01 8.776883823149028707e-01 1.905108193303506683e-02
2.207409065896760936e+01 9.948643990210577215e-01 1.261200221561300239e-01 1.273491943994930695e-02
3.679233322346789237e+01 8.991645413697687550e-01 9.545518485163390077e-01 1.174480278613433855e-02
4.363010711392676200e+01 9.993758749520557094e-01 5.387016107821184230e-01 8.630201799398396975e-03
4.220679684055060932e+01 9.162009526100755030e-01 3.544116694376414078e-01 1.216159792072593442e-02
2.901531894178269866e+01 8.810812685478813799e-01 2.144481625468480646e-02 9.918925894793711659e-03
4.939573242140168929e+01 8.689773801406363019e-01 2.358744639178094182e-01 8.265770888885162065e-03
1.844211249072137804e+01 7.027462716291826839e-02 5.237669643688956933e-01 1.166318722513521623e-02
2.606001185702425005e+01 4.786557170350498880e-01 6.871951451628288687e-01 2.746492072734437948e-03
4.580097300804656868e+01 5.764935836429351257e-01 7.084336692762506216e-01 7.584396448429404913e-03
1.899347502618158501e+01 2.037176537407989763e-01 5.942035913866049457e-01 4.543246930665332042e-03
2.218087750699341854e+01 1.191937927242224526e-01 5.178173244938143183e-02 1.833932256323120291e-02
4.707700598200984388e+01 6.870042076610284321e-01 5.520780253464603327e-01 2.536218908829478060e-03
1.401788556891777660e+01 7.495884456990608014e-01 8.667485629934605917e-01 9.723471934856200288e-03
4.095971476447063964e+01 6.810513572234172530e-01 6.184521914173747303e-01 1.424967451191836917e-02
4.739632421141680396e+01 2.726775880000987251e-01 2.409786875452525068e-01 8.696827386881707950e-03
1.448362921447872509e+01 7.029657268845762585e-01 2.088589183994738196e-01 1.834332351883688483e-02
3.769135235326187683e+01 8.723874183746576083e-01 1.448129122158072490e-01 9.543654831200157687e-03
2.328987350608890949e+01 1.918309606813492219e-01 2.289016088201094312e-01 7.961607358525484360e-03
3.778119023344765992e+01 1.720973430696934592e-01 2.347223938366254647e-01 1.957013280832449464e-02
4.676781226947981907e+01 1.843939372641245633e-01 3.382698786864890561e-01 1.176623257820626905e-02
2.920384498158008313e+01 4.088559017341384938e-01 6.785939219420051849e-01 1.052944285071340941e-02
2.300265684412842404e+01 1.745660030424933951e-01 2.037584750440141201e-01 1.282530828968505426e-02
2.038796043290265914e+01 7.869532444916961245e-01 3.948360277182494382e-01 1.836055181178808393e-02
3.784905248113018672e+01 1.270572068568663893e-01 9.598752257490926476e-02 3.622263053868105421e-03
1.151889481828037987e+01 2.144810474265593792e-01 7.145250584466135146e-01 9.850438086522547362e-03
3.546953750302200348e+01 4.100563752604875489e-01 4.967664944980299535e-01 1.324217424408882099e-02
4.160741827819322225e+01 8.637570491390936800e-01 4.157304248441761607e-01 1.651633229921947027e-02
3.343079422258222877e+01 1.341923712305442551e-01 8.269803682455585392e-01 2.937094516003956914e-03
3.304435192968936974e+01 3.849990392395245542e-01 1.103025633333745981e-01 1.745579947699624559e-02
3.215819428146134840e+01 4.410894486598306297e-01 7.782341224337009367e-01 1.813020432723155828e-02
3.830346050910246447e+01 2.509029126758632877e-01 9.131104125757537604e-01 1.724114516158095634e-02
1.423263888512470743e+01 5.751869302788223948e-01 5.379249226261032524e-01 8.206015245979083120e-03
1.151905083313681288e+01 8.085690702305089461e-01 4.461818109662963328e-01 2.879698422226797776e-03
4.190183550962471060e+01 9.832236660178005350e-01 2.267438403361141108e-02 7.470477653517082137e-03
2.898331230130422398e+01 8.476400527945572305e-01 4.036983634191863568e-01 1.473327160694115970e-02
3.943120576220731976e+01 2.725119244310348909e-01 2.457849768765069665e-01 4.292386376705406917e-03
4.998545078908399830e+01 9.540780329246542069e-01 6.043415394526153728e-01 1.436533904903731628e-03
4.519445844096448894e+01 6.923380707827118119e-01 2.089368512513778697e-01 1.502684435840364111e-02
1.909404404987898118e+01 9.136208532883030031e-01 2.075832285356037643e-01 1.093058247631806430e-02
4.763250543210258314e+01 5.240156256244721256e-01 9.696426931382222669e-01 7.961194214941094000e-03
2.745119477501312844e+01 4.974961400729812633e-01 4.855902006696615758e-01 1.135930696369616064e-02
4.308393034802387689e+01 6.515010658191423554e-01 6.109820759629007725e-01 1.535430002795115829e-02
4.289507320026960002e+01 6.310674138586187532e-01 8.195824149136658743e-02 6.533434052348923229e-03
1.039700327048008432e+01 9.096324429217537144e-01 6.179404855313679334e-01 1.933214577579831298e-02
4.636817458163283590e+01 3.573268095828477930e-01 4.785352561703926089e-01 1.677307737174794228e-02
3.599337370371620182e+01 8.621686903355573195e-01 1.522279915364054270e-01 2.326856424815634903e-03
4.826045977054188540e+01 1.475705339769826374e-01 4.511027232940774123e-01 1.153870630561327094e-03
4.111882564489872749e+01 8.480715445304845002e-01 4.441696483300432985e-01 1.953636529468642802e-02
1.271604569746712343e+01 5.755749199215336454e-01 5.233409683737132168e-02 5.088992231100198521e-03
2.953110869344395439e+01 6.665629427576772459e-01 6.344737508272246806e-01 1.582819180640873333e-02
2.273597652061869567e+01 5.732143884190428196e-01 5.173980822348821507e-01 6.057225658762642809e-03
4.499497874861285140e+01 2.219655543554479027e-01 7.088504206916004247e-01 1.729176062620747453e-02
1.497831260376576346e+01 2.642199243403146047e-01 5.132054867467213954e-01 4.895165098149229996e-03
2.949259786342767597e+01 1.402796839182720023e-01 9.272187963542110056e-01 5.439383937540384628e-03
3.202397616886636200e+01 5.058660026095379569e-02 4.607459372975828416e-01 5.228888885145712914e-03
3.864784261444679458e+01 9.506653074445061691e-01 1.272172671964755808e-01 1.710401120053145832e-02
4.569077916958347174e+01 4.891579203789034325e-01 5.648953108087832742e-02 1.429816330536535021e-02
1.690141607290977532e+01 8.253580958707693593e-01 9.460862371023380790e-01 1.271305617244355111e-02
2.983018391131789215e+01 5.842744967040668369e-01 3.963990880638382230e-01 8.749648532174487264e-03
3.801050450021288896e+01 2.512524480099322388e-01 3.220395389748543780e-01 9.966005420207405333e-03
3.276960172282473138e+01 6.602028467206259021e-01 3.150775098301352717e-01 1.403705053241005238e-02
4.621362962720751710e+01 3.586878621876565254e-01 4.231179536670973684e-01 1.561670079482755519e-02
2.711512638493867655e+01 1.818181214356667796e-01 1.724351284023297182e-01 1.082942336962166262e-02
2.650637732985206441e+01 4.681008785883965517e-01 1.435867200013802580e-01 5.263805310817411612e-03
9.248049427714137849e+00 1.473779405033690815e-01 4.257990826726272549e-02 1.543668190229404054e-02
1.176058104069347543e+01 8.492424866028258634e-01 5.219579139858425698e-01 8.099376949237622678e-03
3.339354252524493916e+01 1.059444132416890588e-01 3.464326049111135508e-01 1.074923579566638976e-02
2.929455339158685234e+01 8.908331508031795687e-02 2.959904375580543201e-01 1.899439048163733754e-02
