9.999953475010769921e-01 9.999873953389255554e-01
9.999112030136990681e-01 9.999797028140187116e-01
9.999945462570941634e-01 9.999963135331724207e-01
9.999675165442813984e-01 9.999896811006591113e-01
9.999980123839770085e-01 9.999986801945577319e-01
9.999939951376685121e-01 9.999948948504495672e-01
9.998905724564185471e-01 9.999732341179659034e-01
9.999905808084377234e-01 9.999951422272727042e-01
9.999143898978715139e-01 9.999732410275821159e-01
9.989457000427162114e-01 9.987781999516993636e-01
