3.466703392021770025e+00 4.506515867490993088e+00 5.101410651045847899e+00 5.519731883683818729e+00 5.843299070274802887e+00 6.100057661949620957e+00 6.324920696903755690e+00 6.509090138859241925e+00 6.675834818107308166e+00 6.821515162755714456e+00 6.952962299390240020e+00 7.073782189306919932e+00 7.185327491331641170e+00 7.292084232466740978e+00 7.385006565094472286e+00 7.474763032416706920e+00 7.549420141505601478e+00 7.634952072425450709e+00 7.704885204117656095e+00
4.499821468288413229e+00 5.491513367124334799e+00 6.056798311782527477e+00 6.453187070670641567e+00 6.758240139071439501e+00 7.003295535359129076e+00 7.215289955428703550e+00 7.391575885040287730e+00 7.544946659521279742e+00 7.689556821553340527e+00 7.815981017848784518e+00 7.930107775483474342e+00 8.037321845822981814e+00 8.133312676288307230e+00 8.226024686749022763e+00 8.310133194712827631e+00 8.386288273496877110e+00 8.460143772563363029e+00 8.538644821894386894e+00
5.445106710536758321e+00 6.480255081578642162e+00 7.069076858214197401e+00 7.483305865236435928e+00 7.798316499601466667e+00 8.054366486220184029e+00 8.271596538379657915e+00 8.459275305750828977e+00 8.617534283734483935e+00 8.766876571792151296e+00 8.894425239214889700e+00 9.009882925416199839e+00 9.125086095830841515e+00 9.224947708767645693e+00 9.317582021144572124e+00 9.405771899500642519e+00 9.484296724146467739e+00 9.565765849464339610e+00 9.630205678095183686e+00
4.244541266251856015e+00 5.204292631316847384e+00 5.747005027257138465e+00 6.129554444525994406e+00 6.416477196817655049e+00 6.654533067883161124e+00 6.850750407380338025e+00 7.021482031095323428e+00 7.169011848515280505e+00 7.304859147964469557e+00 7.425805145980866939e+00 7.530125445698789832e+00 7.632320388958070190e+00 7.721943213275385354e+00 7.814658583161161687e+00 7.887233939349940215e+00 7.963135207700100970e+00 8.035797597819797744e+00 8.099304418674543982e+00
4.892240225921852037e+00 5.846412289043255051e+00 6.388040010751277364e+00 6.770491499448233697e+00 7.065517425928115713e+00 7.299823562280371547e+00 7.496753585932700581e+00 7.670755158805440566e+00 7.822943021148536680e+00 7.965121021329568229e+00 8.082096557879411947e+00 8.192107838605407366e+00 8.295856382036999932e+00 8.380595050135417168e+00 8.475997464820046901e+00 8.552697926350143476e+00 8.633708941485851440e+00 8.696764052849804472e+00 8.754877927611840249e+00
4.959840694367191105e+00 5.977324986244794580e+00 6.561457784223645895e+00 6.967181868110758458e+00 7.279408965577028212e+00 7.534938421138188680e+00 7.749751698595096272e+00 7.934264143033586514e+00 8.094533384429711376e+00 8.239503366754803437e+00 8.368917755111297652e+00 8.481530393400401380e+00 8.598688635303734173e+00 8.696930549078125239e+00 8.782493677456725933e+00 8.876807980035609447e+00 8.954318824819800682e+00 9.031901983259500000e+00 9.104615585077151962e+00
3.642553951822467884e+00 4.667485655878186535e+00 5.251673066363471420e+00 5.660226745104492529e+00 5.973684470529827983e+00 6.229614301420151712e+00 6.445837458777329942e+00 6.631318578657739771e+00 6.791376592861158024e+00 6.941122099370991450e+00 7.065559520662383797e+00 7.187915151331209174e+00 7.297818125984866455e+00 7.398826126472867415e+00 7.499209081942601607e+00 7.582652066004367697e+00 7.665589276957024190e+00 7.735029345690559666e+00 7.813365128445600050e+00
4.316549471753898359e+00 5.339019502087449354e+00 5.922212019953938977e+00 6.329510067960594455e+00 6.641525615273486061e+00 6.892199593268579783e+00 7.109758044734631355e+00 7.292094414537135805e+00 7.452632659716922348e+00 7.595346695905186074e+00 7.725037830325765853e+00 7.846262684289955658e+00 7.953381771839361569e+00 8.052440853702345080e+00 8.146348716580597227e+00 8.227580151586940005e+00 8.310905367317729997e+00 8.378468306663608089e+00 8.458281195011309705e+00
5.071317268610824769e+00 6.078362665825006061e+00 6.654405886977357909e+00 7.055923997412926418e+00 7.365827504471210041e+00 7.616328108787964624e+00 7.828967168640342145e+00 8.008391411655143344e+00 8.167398313746296878e+00 8.309049007453003455e+00 8.440104616232515511e+00 8.554584711502444705e+00 8.662883828994468516e+00 8.764652005002874446e+00 8.855026591784469048e+00 8.943369346198384306e+00 9.018052168029457860e+00 9.097700661291860058e+00 9.171090013170557498e+00
3.788312963299608427e+00 4.778155443222906307e+00 5.341296905262126415e+00 5.734631020164718151e+00 6.041565731141042228e+00 6.285103672466347824e+00 6.490816429156231138e+00 6.663882184831635414e+00 6.819915076622126371e+00 6.964198057108171191e+00 7.087134357112770289e+00 7.204842536324977509e+00 7.301013357186713293e+00 7.400823530084402080e+00 7.485106139426934924e+00 7.574425596884593936e+00 7.646900115244338103e+00 7.720269878912924710e+00 7.794731075917405327e+00
5.256888973997594583e+00 6.265499770029035354e+00 6.847327427997950799e+00 7.252880404775880585e+00 7.567655804442258827e+00 7.822730756758477177e+00 8.040280908370275981e+00 8.224571803069471443e+00 8.385285597599001051e+00 8.528891897659850230e+00 8.665051216238813581e+00 8.785902689135184573e+00 8.899614735094935725e+00 9.000298004394579721e+00 9.097538374909101222e+00 9.180845098092206058e+00 9.266769499502176544e+00 9.340406159553976906e+00 9.417546489146289446e+00
3.730272826171090461e+00 4.634657366959166858e+00 5.152365315333623741e+00 5.516741981901151171e+00 5.793256206044230083e+00 6.022838410408711596e+00 6.217794600622920775e+00 6.383994765922659020e+00 6.524673365352287924e+00 6.658549081103608103e+00 6.775994694798798790e+00 6.883346099966829890e+00 6.973848647166268400e+00 7.072001236663046697e+00 7.151041527416782451e+00 7.235248663037751271e+00 7.312684024830251595e+00 7.380595092812323621e+00 7.450443581481883015e+00
3.459344039129197856e+00 4.398570232242318134e+00 4.937960681947011210e+00 5.315400222576343481e+00 5.609659260090858801e+00 5.848536904481438370e+00 6.046253434628273027e+00 6.220227121272429827e+00 6.368828509142984373e+00 6.500072043326287741e+00 6.624586689629872183e+00 6.739977827671240540e+00 6.839481844760445739e+00 6.936585229853249324e+00 7.026746000830498495e+00 7.104429892319336304e+00 7.171871064073994440e+00 7.248696274047021326e+00 7.307628335651187967e+00
3.710056665443888679e+00 4.631642618278391410e+00 5.160025811156200959e+00 5.530837923217910124e+00 5.816438688056758011e+00 6.049324631874265279e+00 6.240413612948058741e+00 6.411866895496642016e+00 6.557091192582670480e+00 6.688568760279471448e+00 6.819431590986403613e+00 6.920032286911061981e+00 7.025799344899862575e+00 7.112522996760014315e+00 7.209724654438613101e+00 7.282607039569549912e+00 7.360398746691085847e+00 7.435581771717967747e+00 7.493268354840966872e+00
4.713097446118463374e+00 5.699274678381251569e+00 6.259501367263216487e+00 6.654704015756008673e+00 6.954251370421675738e+00 7.197247461580086991e+00 7.400234263440435889e+00 7.581277963616065207e+00 7.732026232212604100e+00 7.870641490822477770e+00 7.996582486935941425e+00 8.103163594834063232e+00 8.210600372746899467e+00 8.306522362094019840e+00 8.397772087293404297e+00 8.479756504139567497e+00 8.554039275887719285e+00 8.635382490132142763e+00 8.702569667767365402e+00
3.946608813966923091e+00 4.916574060461296192e+00 5.468294664309092390e+00 5.853459558892859960e+00 6.150521873569664955e+00 6.388528556831094107e+00 6.586804089807142937e+00 6.761948946412672079e+00 6.914267301768521001e+00 7.052197664306069314e+00 7.172872706449093805e+00 7.278841833504613668e+00 7.378358845792670095e+00 7.471271355422444138e+00 7.560751439023329468e+00 7.635209047548058514e+00 7.717653572967712705e+00 7.793936233251304024e+00 7.857136075083247739e+00
4.856195275802713596e+00 5.826872885132809543e+00 6.378450524405158362e+00 6.765836400114732641e+00 7.063168225764618668e+00 7.298472057529409973e+00 7.499064806324378551e+00 7.679245690423030624e+00 7.831054114867417759e+00 7.964510327662560840e+00 8.087114739635234528e+00 8.202767937268784948e+00 8.303317194094356424e+00 8.395779402842261874e+00 8.492702605440362262e+00 8.570235516395218411e+00 8.647584833147011096e+00 8.719623885488626769e+00 8.779840929555255968e+00
4.927331749512593895e+00 5.906987041564004670e+00 6.460609479304951996e+00 6.848707579035114179e+00 7.145416802170394099e+00 7.384166185999011311e+00 7.589315328351196044e+00 7.759822520527549727e+00 7.910320149252241251e+00 8.048365202333702229e+00 8.176112807046173714e+00 8.281637479630619580e+00 8.392840171746062339e+00 8.478808156350169156e+00 8.564575504901528191e+00 8.654537520303628995e+00 8.724254028277501405e+00 8.798869521555218398e+00 8.871391161041126239e+00
3.680141250453354829e+00 4.615382380643307414e+00 5.150104618126116307e+00 5.520769543444565386e+00 5.807492874580699294e+00 6.037362514570154381e+00 6.230398730218479564e+00 6.405777558234594160e+00 6.552000329866728201e+00 6.679026931377180176e+00 6.800284073223298087e+00 6.904501788476302693e+00 6.998981448329379518e+00 7.096884250258072235e+00 7.180000301280440311e+00 7.260490476692140760e+00 7.334451411705525281e+00 7.407342508406401294e+00 7.473455655945241638e+00
4.996119170960766631e+00 5.959108104117651905e+00 6.506354209511985509e+00 6.890742323948822801e+00 7.182859507813784461e+00 7.423041052218960267e+00 7.627330785348673814e+00 7.792720993374572913e+00 7.948698299058897021e+00 8.083737949779139953e+00 8.203903286551243568e+00 8.314193881461916291e+00 8.419534400232526750e+00 8.514149855843594850e+00 8.601920791563264501e+00 8.685811425527907303e+00 8.766252602401701566e+00 8.836256806807446296e+00 8.899338161991305896e+00
5.539714724574394289e+00 6.614248781800420751e+00 7.232393651647114119e+00 7.663877467884773864e+00 7.999243695979738611e+00 8.268028598646449012e+00 8.499190254865206740e+00 8.696100449076215710e+00 8.871529411203146864e+00 9.025324934462007676e+00 9.165236634343882471e+00 9.293166288314495205e+00 9.415736173608852511e+00 9.516924371392644133e+00 9.619468155277143495e+00 9.716692187214892584e+00 9.805161146033677610e+00 9.893069704512406304e+00 9.966791713676716569e+00
4.923823824049567754e+00 5.921187414273765270e+00 6.488024225834712055e+00 6.881258981788705320e+00 7.182896843857415448e+00 7.425959036486037057e+00 7.633321189780500227e+00 7.808554913291119171e+00 7.961989780869740407e+00 8.106289386707889122e+00 8.222712211096947499e+00 8.335511786898880615e+00 8.444951923418440032e+00 8.534199863545550713e+00 8.627390279669270967e+00 8.710356378071891115e+00 8.786452843119587186e+00 8.861524097128157251e+00 8.933628213516637828e+00
4.226392688711650969e+00 5.199702797668596332e+00 5.764077017761600530e+00 6.159831884638834687e+00 6.465939717059279168e+00 6.715272568467344882e+00 6.923785044911725528e+00 7.105098101773145380e+00 7.262544236717052293e+00 7.402960669059087451e+00 7.533695208866441284e+00 7.650738957683246078e+00 7.752915457177921965e+00 7.862345678089341483e+00 7.947299325787244406e+00 8.036370121143900036e+00 8.116461573007555330e+00 8.186980321109603054e+00 8.266226116126150103e+00
4.070750792364977499e+00 5.027835447774066324e+00 5.573770583086239405e+00 5.955696171359798008e+00 6.251190813651763989e+00 6.490480627217674936e+00 6.689752447848306360e+00 6.861165387545465677e+00 7.017633065370731948e+00 7.151249618667458563e+00 7.271902519959486888e+00 7.382672723868287434e+00 7.486037946693291367e+00 7.577123658332935108e+00 7.674548792686344711e+00 7.754304960378450851e+00 7.825839558811789054e+00 7.895171546873791968e+00 7.965262172063914292e+00
4.449209697154433485e+00 5.479534396937553176e+00 6.069676342813143499e+00 6.486365554739188966e+00 6.806645704518227369e+00 7.067994183068400993e+00 7.289039784659787635e+00 7.475357810870463027e+00 7.643227172959911719e+00 7.790180473516834958e+00 7.925236157541419857e+00 8.050247929187483109e+00 8.165183615163620345e+00 8.271378684266133874e+00 8.364981433556996748e+00 8.464700498454652333e+00 8.544751409275907150e+00 8.623929155806154156e+00 8.697235785211534065e+00
4.971108526551402562e+00 5.920730241982762543e+00 6.466431581492960490e+00 6.843633424167247625e+00 7.133787907199887535e+00 7.373314329256956512e+00 7.574699624006409060e+00 7.741660949479244103e+00 7.895644434659122801e+00 8.031400898550387524e+00 8.149247741173754278e+00 8.265386798337424068e+00 8.362232920238422906e+00 8.453479631211152423e+00 8.547748549944701679e+00 8.618945327016943381e+00 8.700218813209311008e+00 8.770294753420339262e+00 8.839717032723980239e+00
3.556522004210196375e+00 4.509517775202821710e+00 5.056608097632143917e+00 5.439699493246414441e+00 5.739011274274471219e+00 5.975341479508481157e+00 6.178294291933241311e+00 6.357247537266831117e+00 6.513322185261142927e+00 6.653583421607930148e+00 6.772210440093777706e+00 6.888402589034789081e+00 6.993459734949702522e+00 7.093058321967582458e+00 7.179877753249455985e+00 7.264149465875480161e+00 7.336610217808390288e+00 7.421344529803565848e+00 7.493126980601525489e+00
4.180093742419962233e+00 5.114662417278873718e+00 5.651596438993618854e+00 6.023804690449143351e+00 6.313129128023347469e+00 6.549797187544944777e+00 6.741631452017916359e+00 6.916217092142124656e+00 7.064749651685703569e+00 7.200637748721944398e+00 7.318481403957687981e+00 7.427604695821714564e+00 7.533128010229922289e+00 7.623937435751163783e+00 7.709411605940290180e+00 7.785463487843490071e+00 7.868051721877262317e+00 7.932114032531517367e+00 8.005903961335999242e+00
4.367466232853838726e+00 5.372813479867960318e+00 5.948655663921877057e+00 6.348483634784792606e+00 6.657732183980408003e+00 6.908330788204056105e+00 7.118788901260698410e+00 7.298969389449434964e+00 7.462796291540674254e+00 7.596317328940910940e+00 7.727286824198957405e+00 7.842575203710970833e+00 7.950842603393537544e+00 8.042105917444867913e+00 8.137693795299767885e+00 8.218456475874065248e+00 8.305355666031880801e+00 8.380770243460212043e+00 8.443202501043478136e+00
5.102692160595365678e+00 6.150836543610608054e+00 6.751758863549601308e+00 7.168731013381700379e+00 7.488509995204752911e+00 7.751344172578035874e+00 7.969756305259614315e+00 8.157990665473644043e+00 8.325838764887169674e+00 8.470690212713378742e+00 8.604163883964471182e+00 8.730396134924166773e+00 8.835377780530311753e+00 8.941467987615595803e+00 9.039019013904251665e+00 9.133186315190863880e+00 9.211546124263479740e+00 9.293650720020036005e+00 9.369808932187806860e+00
4.693061723947055341e+00 5.722570741852447185e+00 6.309246328874215770e+00 6.720913155675924067e+00 7.031370673872402222e+00 7.285931278395400668e+00 7.492320550951953706e+00 7.677168194261257739e+00 7.841547290324532682e+00 7.982998354863961588e+00 8.114670227756032972e+00 8.234011029166317996e+00 8.335696481298354499e+00 8.432669083423741441e+00 8.523499016527409822e+00 8.602838863534861602e+00 8.692976036713211840e+00 8.766796323617011666e+00 8.839390885904126804e+00
3.903787926980883061e+00 4.876821774158885958e+00 5.427860583923949989e+00 5.812907902393672721e+00 6.111030822878107394e+00 6.351437077609272563e+00 6.553772704597430554e+00 6.725109645970556826e+00 6.882836168210031857e+00 7.015090655479843562e+00 7.142402440973361522e+00 7.254078522782857696e+00 7.352432004539235955e+00 7.449916264602530980e+00 7.531273250905367256e+00 7.617315876973830058e+00 7.688196395339333300e+00 7.758520176382957878e+00 7.828466414493830072e+00
4.222765999438072626e+00 5.166539512648100185e+00 5.705063356608468084e+00 6.080965740607489067e+00 6.366597791877689261e+00 6.603486801050257426e+00 6.795364898101405871e+00 6.962345498326579118e+00 7.110927241544280797e+00 7.239344601760942410e+00 7.361070031850935003e+00 7.462742859800686190e+00 7.560341806102512052e+00 7.661530101177905117e+00 7.734698204115859177e+00 7.822002897429774393e+00 7.889624956279530643e+00 7.962812934797958597e+00 8.023849067077957642e+00
4.717714586313579872e+00 5.665500817864452365e+00 6.211939482486323882e+00 6.593376628271306217e+00 6.885203807795037712e+00 7.121732511504498042e+00 7.317854025296524512e+00 7.493522838804731023e+00 7.644561052153408198e+00 7.775966762568547352e+00 7.899070673596570558e+00 8.007875729690786315e+00 8.110227624697010640e+00 8.201567241865449276e+00 8.285475481390394137e+00 8.373760276579096384e+00 8.438301315083723608e+00 8.517888504123297011e+00 8.576769481920795357e+00
4.513801065086018305e+00 5.544319099067844370e+00 6.130535274996822714e+00 6.542155815945934094e+00 6.856070921653974359e+00 7.109441593064000919e+00 7.326517532841700486e+00 7.516762646238813517e+00 7.676021448236654443e+00 7.821073117867427982e+00 7.951206972052231592e+00 8.071006337509011530e+00 8.174565391887860244e+00 8.281992879206043767e+00 8.369737491884043479e+00 8.464674266466911234e+00 8.536462153854991186e+00 8.614433876830293713e+00 8.694487475316096337e+00
3.765327226921159731e+00 4.756153328007687087e+00 5.330011024440482359e+00 5.732978195856905934e+00 6.051125994545273556e+00 6.308385880194530060e+00 6.523186131755505102e+00 6.710354547345528609e+00 6.881638747484461582e+00 7.030501970205731865e+00 7.165220323922608436e+00 7.293146916049677131e+00 7.402141071974471132e+00 7.510198261720399948e+00 7.617640770942432304e+00 7.706260992003764798e+00 7.787309333215890916e+00 7.881757861520003239e+00 7.952561845849233535e+00
5.019707926064992165e+00 5.971873121046852972e+00 6.515464229760410397e+00 6.889410190412188051e+00 7.181905783036602209e+00 7.414154252882126706e+00 7.611787866039279038e+00 7.777227320457312132e+00 7.934950251128492837e+00 8.059948303184102159e+00 8.183457853721250785e+00 8.293051344780124623e+00 8.386756487055412990e+00 8.485133677839250765e+00 8.570143977901746979e+00 8.655203444878544872e+00 8.726302863572884760e+00 8.793402728554212899e+00 8.857316788199467439e+00
4.394163042262550611e+00 5.338075608245569370e+00 5.882051226732715854e+00 6.263409304482123297e+00 6.552284697010330561e+00 6.793424027750743832e+00 6.990173179548075488e+00 7.160889575385580130e+00 7.316753970371838278e+00 7.445378145084903032e+00 7.568367001008522443e+00 7.676492802723680953e+00 7.773262952000749237e+00 7.870494358174940253e+00 7.960394568510750446e+00 8.043702163129625049e+00 8.098626225492090214e+00 8.185723113078660518e+00 8.243907265395442607e+00
3.754556162705504185e+00 4.760561254645342188e+00 5.335810899922576844e+00 5.738878470999918768e+00 6.046786119881085497e+00 6.299170672347627509e+00 6.510723997850615063e+00 6.695234381002528323e+00 6.848756490352273296e+00 6.997146945416353958e+00 7.125570732877321234e+00 7.241048649636974588e+00 7.344132753097794897e+00 7.449933988859767986e+00 7.541057690477794395e+00 7.628735646421668903e+00 7.709406116168772805e+00 7.781205045859157288e+00 7.854987796853314386e+00
5.564971928837831427e+00 6.637977048330868435e+00 7.252364135736246276e+00 7.684281040288839293e+00 8.017966970529300852e+00 8.287695093197323004e+00 8.517250715883550427e+00 8.710419172074015393e+00 8.877857655178202023e+00 9.038422450118991591e+00 9.181741327933210073e+00 9.305312567689851377e+00 9.420775668287925342e+00 9.531973569624595299e+00 9.625284684353790254e+00 9.723701216644684564e+00 9.809585647980446410e+00 9.894901463759540050e+00 9.973061735113775583e+00
4.559751057370711180e+00 5.480235348391096828e+00 6.001588814610353317e+00 6.372301898545607912e+00 6.650418656968835052e+00 6.878851685631803825e+00 7.072534784490562387e+00 7.244662031551010628e+00 7.383328730400426032e+00 7.517511220590672671e+00 7.629280931891061712e+00 7.738475341271552566e+00 7.838165954732986940e+00 7.925364876331877362e+00 8.013132943939403674e+00 8.081691207201362914e+00 8.157790755183357945e+00 8.222332531115901233e+00 8.291478883729210381e+00
3.244480097945719343e+00 4.156649074762920115e+00 4.676082616613283172e+00 5.039249769305302884e+00 5.313727390983429721e+00 5.539624534716240944e+00 5.727763156909364994e+00 5.889985050665007549e+00 6.032148977685394264e+00 6.153282027985593317e+00 6.267984472834040588e+00 6.375346077724156402e+00 6.467778915486445790e+00 6.561012162881342924e+00 6.629269412579312792e+00 6.720427405565621903e+00 6.789322702429807066e+00 6.844811630246998568e+00 6.918757240732732683e+00
3.519063139319229094e+00 4.518249180800879117e+00 5.088374250668765697e+00 5.489264248929554668e+00 5.792325381282636521e+00 6.045290853245210982e+00 6.256331955842414416e+00 6.434777915507435608e+00 6.595740401551248411e+00 6.735361738689696232e+00 6.862847137563576005e+00 6.980917562509893592e+00 7.081840972010168045e+00 7.181153004620764335e+00 7.279078908674311066e+00 7.353635189032823760e+00 7.436634263871844119e+00 7.517942024065054518e+00 7.590483791414318837e+00
4.708892907407470574e+00 5.764510914431533628e+00 6.371673429026667002e+00 6.800319470888791074e+00 7.128487512162514861e+00 7.396478217022751878e+00 7.625325787880882444e+00 7.820063013492243975e+00 7.995314442384789722e+00 8.146798595135781085e+00 8.288343056957007349e+00 8.417615260949430578e+00 8.536087874681772547e+00 8.639302346119352549e+00 8.740491886117766285e+00 8.839055525383885836e+00 8.922744225796161999e+00 9.009093384430830298e+00 9.086202929372237946e+00
4.246904754811089866e+00 5.313333982868216232e+00 5.923499509204661173e+00 6.355478678499554945e+00 6.684132532302579754e+00 6.954879160516026282e+00 7.183079812652485963e+00 7.378099252635496264e+00 7.549316402535042769e+00 7.701741915226739899e+00 7.842334558411315548e+00 7.969770565385657868e+00 8.086509998909201968e+00 8.194547044563968541e+00 8.293497755297426721e+00 8.389831627747581067e+00 8.482806506325138329e+00 8.564066280815016086e+00 8.641717523687749036e+00
3.221163953419072801e+00 4.116105709274413549e+00 4.625660224832171430e+00 4.985701751310832819e+00 5.261141042639546406e+00 5.482049136321091254e+00 5.667511231848077813e+00 5.836747660113606351e+00 5.968698758880364608e+00 6.103465147133258384e+00 6.215700864448400864e+00 6.331378076965581414e+00 6.410648536079567528e+00 6.507891263975949414e+00 6.586880679834275831e+00 6.671881650960468590e+00 6.737199358822303807e+00 6.814183289677604449e+00 6.868221030909723801e+00
5.666670505145098069e+00 6.710767947988452775e+00 7.303193817325523085e+00 7.716586259347258725e+00 8.034757291246332755e+00 8.295048866757319672e+00 8.508170006487288717e+00 8.692327130168942873e+00 8.852588764361957629e+00 9.002443008590518048e+00 9.143021701391917944e+00 9.257152147211048288e+00 9.366807885129635025e+00 9.468012782604629862e+00 9.559306170746440401e+00 9.648081479824176299e+00 9.726769243034118162e+00 9.806367042932475186e+00 9.874374098209823813e+00
5.363231721530427265e+00 6.397979254151173301e+00 6.992690759680703749e+00 7.410941726670722929e+00 7.729199378125552578e+00 7.994724453704842304e+00 8.216007770723045667e+00 8.405889596135152075e+00 8.571771659361028028e+00 8.726139053160279602e+00 8.859359975561389433e+00 8.986281950145665220e+00 9.100482994645822998e+00 9.207393808373744548e+00 9.297637823685336755e+00 9.396471314973547706e+00 9.478668491338220647e+00 9.562364055045213362e+00 9.643555561136803789e+00
3.811691349620665026e+00 4.834985114502345027e+00 5.425987523313213323e+00 5.838606794191713689e+00 6.158226272050432826e+00 6.414469134082540158e+00 6.633356490758115953e+00 6.821352859559468129e+00 6.986111409283980223e+00 7.131965799370704850e+00 7.260962572831642703e+00 7.383822138313679062e+00 7.494954442353912505e+00 7.595169097616921938e+00 7.690748892268226555e+00 7.784515005162141676e+00 7.861849716018684653e+00 7.943596321804246685e+00 8.013798219707437553e+00
3.838403903499042702e+00 4.793715879735197305e+00 5.335162798052210498e+00 5.707309656100017392e+00 6.006138087018829452e+00 6.238949275087029456e+00 6.435264510647049185e+00 6.608607504703155833e+00 6.761162672236882720e+00 6.892207803467694127e+00 7.012296924263260678e+00 7.121069022389101555e+00 7.219289516050535482e+00 7.313849557108454746e+00 7.402945837316082134e+00 7.480719203825777264e+00 7.560221398860674569e+00 7.632753546377950116e+00 7.698531513134098780e+00
4.021198742821181504e+00 4.957715077667101511e+00 5.495652294399742566e+00 5.867914996425163565e+00 6.152579830417480800e+00 6.388290979015428306e+00 6.582590325881280791e+00 6.756176452561695633e+00 6.903876940527407413e+00 7.032714999978196602e+00 7.156150560715542674e+00 7.260786481565711270e+00 7.358382682325410151e+00 7.442317105275529698e+00 7.534765545047219959e+00 7.609740545810462109e+00 7.701979107257380441e+00 7.758730371382682733e+00 7.830182751494203508e+00
4.282041302516486958e+00 5.217081649673537491e+00 5.744307068152818552e+00 6.116453411499385595e+00 6.400466337451896415e+00 6.632460873504460785e+00 6.830041106970254461e+00 6.999057987725824326e+00 7.139700631578256740e+00 7.278949990217053134e+00 7.394927586731131264e+00 7.494898827912749972e+00 7.596600730145109281e+00 7.688885660168229386e+00 7.768743491991804362e+00 7.859185680953982178e+00 7.920618973971013332e+00 7.994371527278370415e+00 8.066693891531318883e+00
4.957808082018073215e+00 5.995208300081094954e+00 6.588111004091227407e+00 7.002234801574877210e+00 7.323394070750488538e+00 7.584640225491407151e+00 7.800695871194443853e+00 7.987561617837233285e+00 8.153639489760957204e+00 8.298287702028323665e+00 8.430805453251860371e+00 8.556257483403596709e+00 8.671021901122387021e+00 8.768806336284020730e+00 8.868664006038775582e+00 8.950729642595524282e+00 9.038371487596476683e+00 9.106276102667084871e+00 9.180790459178192364e+00
4.752426417342424436e+00 5.797748868740306705e+00 6.394362979317163465e+00 6.813793165192715051e+00 7.140088170474386153e+00 7.399192950293909554e+00 7.622864798085224436e+00 7.815284750563269434e+00 7.981758125475758803e+00 8.133837291191611030e+00 8.270606327542356695e+00 8.393415929080617843e+00 8.509229670093526821e+00 8.611257994791980508e+00 8.712204297157907007e+00 8.800435575693155599e+00 8.887131925491079443e+00 8.965984627961308462e+00 9.043803536018391043e+00
5.094876476572965274e+00 6.060606617915083483e+00 6.611835660451426122e+00 6.999391646178682258e+00 7.298681278229058655e+00 7.537624888504400822e+00 7.742600800392964722e+00 7.916895582176740831e+00 8.073689362136173386e+00 8.203450035880734958e+00 8.332688964166941048e+00 8.448986977304693724e+00 8.547173321604693896e+00 8.647691925605448304e+00 8.733881844032028496e+00 8.818395081240419486e+00 8.899700374202058839e+00 8.971905313563656392e+00 9.042462942794310621e+00
4.922856518373626145e+00 5.984272470538890332e+00 6.592379909930816240e+00 7.019597647826484099e+00 7.347904287142683621e+00 7.612536034006730290e+00 7.836089543981330507e+00 8.028774121593968971e+00 8.198801995305142754e+00 8.350991407965807412e+00 8.488717407193032471e+00 8.615759483879266156e+00 8.733640567937303700e+00 8.833301360176529116e+00 8.936306662105859999e+00 9.025614570476816922e+00 9.109816743496404357e+00 9.199061154317877964e+00 9.280140449754133769e+00
4.249285124242080158e+00 5.204304819240626934e+00 5.748526975146218021e+00 6.133049321164269152e+00 6.426542223764206696e+00 6.660861986132747603e+00 6.861943081855955029e+00 7.037310148772243146e+00 7.186516507884296523e+00 7.323652227620797817e+00 7.443458210011803189e+00 7.552667201244408268e+00 7.650175235995529732e+00 7.749789366885945441e+00 7.838308528646726892e+00 7.923627113619756912e+00 7.991852493800798207e+00 8.058937878725712878e+00 8.132534196744888533e+00
5.355123691890816495e+00 6.368698832961225520e+00 6.943720598963510682e+00 7.348486479309785047e+00 7.658788976472053811e+00 7.905948417597787881e+00 8.115190689220515452e+00 8.300802423998664636e+00 8.456579332396357174e+00 8.594851113277554688e+00 8.728155573826962055e+00 8.838168713942241794e+00 8.949139156270662809e+00 9.043079623716680615e+00 9.131994774836927675e+00 9.228449358085304866e+00 9.305242347853379670e+00 9.375635554925658255e+00 9.449584029352628534e+00
2.725887045856098645e+00 3.668447460938573101e+00 4.209500937196302139e+00 4.594080167592799135e+00 4.884010262362404653e+00 5.127841737991104765e+00 5.326342054648743662e+00 5.499813372307730042e+00 5.659690146000707855e+00 5.786500531359568100e+00 5.919362227110830155e+00 6.029022329334910779e+00 6.136118461800278645e+00 6.226955242001555035e+00 6.310870842871902475e+00 6.410446442823522162e+00 6.480140222635665914e+00 6.545441749501839546e+00 6.622455976503696995e+00
3.120632825215580386e+00 4.147648544319261887e+00 4.738652563680356700e+00 5.151749871113458390e+00 5.472682527544327158e+00 5.733460981298066805e+00 5.953421803806178580e+00 6.144756361281389800e+00 6.309643461943533538e+00 6.454083390360859873e+00 6.593853990517061447e+00 6.713867725944147935e+00 6.829230180706097109e+00 6.931178365811176079e+00 7.017755447278950065e+00 7.109687531699734109e+00 7.200935664216408405e+00 7.279233639207324025e+00 7.349249110569234134e+00
4.573647012584040716e+00 5.526562969324827712e+00 6.066280860255039542e+00 6.447355405666121086e+00 6.738049331819641274e+00 6.974529821851946032e+00 7.175685307264783930e+00 7.346505346926710978e+00 7.499203776911024910e+00 7.633321269054281544e+00 7.757304305646425924e+00 7.862325614235569304e+00 7.963772047205371685e+00 8.057998846420529659e+00 8.147119358115993748e+00 8.233138195900641776e+00 8.311414316077840425e+00 8.370462606949070405e+00 8.451435319048446360e+00
4.793398372395547113e+00 5.806811561519229059e+00 6.385330267648150482e+00 6.790402029073171697e+00 7.102866884390150126e+00 7.350963447318441979e+00 7.567101788426317199e+00 7.743128735111390881e+00 7.905405190505451429e+00 8.048320932033059094e+00 8.183684582031951038e+00 8.294332864220018919e+00 8.399668961551610025e+00 8.506962932989944548e+00 8.597087241624786103e+00 8.676762989821380501e+00 8.759844074151100557e+00 8.837423664259167921e+00 8.907627606569032963e+00
4.446010647067033084e+00 5.448638488535549662e+00 6.023370364367798047e+00 6.424866166795232481e+00 6.739695560674994645e+00 6.988226438109141014e+00 7.198967075843881958e+00 7.390210417500783002e+00 7.552268132042426529e+00 7.694897208402280420e+00 7.821608466135095306e+00 7.943613283588807583e+00 8.047835242751792961e+00 8.157073114092060706e+00 8.245684637023448005e+00 8.338410240070082580e+00 8.416727539264746483e+00 8.494744250932861007e+00 8.568323469585484631e+00
4.900499850753840647e+00 5.926027749007465317e+00 6.512959508528977537e+00 6.918751603287383034e+00 7.236498091111811526e+00 7.492175942642676389e+00 7.699725172407639207e+00 7.886123059222108544e+00 8.046741850639641314e+00 8.194137467170463651e+00 8.322586705022835929e+00 8.442724254296127384e+00 8.555459503759585971e+00 8.648653247894642959e+00 8.746821030053554935e+00 8.828745879679864572e+00 8.903974785454467522e+00 8.993829047335156091e+00 9.064953195466062041e+00
4.160719918919616234e+00 5.173877476707450462e+00 5.755456904561192744e+00 6.158606251507683815e+00 6.470267183928152477e+00 6.726397995156457199e+00 6.933939949501314537e+00 7.122085560469750831e+00 7.283639179914240813e+00 7.426712310056183597e+00 7.553074274885103634e+00 7.669685766487210010e+00 7.781856511695662171e+00 7.875204776771189685e+00 7.971008257619834225e+00 8.052128101489675061e+00 8.138684509633195674e+00 8.222801775066621133e+00 8.279434779661745125e+00
4.849426527484597571e+00 5.848987976924965970e+00 6.422041035109796070e+00 6.824511440148521402e+00 7.136582332781271631e+00 7.389808008871525224e+00 7.601777543691664363e+00 7.786103101236503399e+00 7.948298567482793509e+00 8.094190995097491736e+00 8.218664367476074872e+00 8.338952643269333720e+00 8.449707119491369767e+00 8.547337827638774144e+00 8.638058480582424536e+00 8.727684757926052583e+00 8.817162591328553845e+00 8.885712288066235587e+00 8.956026870238035897e+00
5.326589152859527054e+00 6.342496386593599489e+00 6.919382212844524815e+00 7.323538768706898239e+00 7.632867342498925289e+00 7.888313993876794328e+00 8.093866089245718598e+00 8.278031153709148882e+00 8.433508874720379467e+00 8.576356693813144361e+00 8.707188554232951461e+00 8.823281198600895436e+00 8.928693200702820576e+00 9.021208616977524741e+00 9.118005694807923334e+00 9.201346951454556944e+00 9.281195344860995178e+00 9.356885917490222582e+00 9.435734124207785456e+00
5.015422473051152963e+00 5.969093909323404112e+00 6.515453160132896215e+00 6.894476592493653300e+00 7.188452455960618437e+00 7.422967329265362402e+00 7.623713550911834780e+00 7.793506415225509798e+00 7.948046127790473925e+00 8.082148024611678139e+00 8.209160580160579812e+00 8.308172424621458774e+00 8.419538022518201714e+00 8.517768702126073066e+00 8.601553284323596671e+00 8.681064731024104475e+00 8.755761199983279397e+00 8.822327142600734362e+00 8.890108527848420650e+00
3.953352576525255735e+00 4.970501772039504829e+00 5.547127042623572812e+00 5.951389423030266634e+00 6.257274067014885865e+00 6.506397816227666553e+00 6.722494878205321989e+00 6.900208754916409504e+00 7.058286054521528463e+00 7.197843672520385816e+00 7.323762744993966400e+00 7.441198086130675016e+00 7.549649769149409551e+00 7.648894305930528326e+00 7.732856256792127958e+00 7.821639437887137447e+00 7.906667447198516996e+00 7.984634103031264196e+00 8.054681421150576170e+00
4.435925046277738204e+00 5.417457646792354531e+00 5.980168361928008380e+00 6.370162537847687823e+00 6.674619301972104068e+00 6.922738955089714707e+00 7.126915875499999942e+00 7.307812764132748384e+00 7.463038122584868539e+00 7.602132359744971701e+00 7.728460151158113689e+00 7.846206508113873213e+00 7.946515330890614237e+00 8.045372536562457100e+00 8.127555990963907462e+00 8.222023891375199511e+00 8.300980986493197378e+00 8.367541749432636067e+00 8.438676748049633858e+00
4.323378736496097829e+00 5.294715537147956397e+00 5.844788002180241193e+00 6.228780141359921529e+00 6.522801101775554500e+00 6.765845420183389969e+00 6.964597416384068040e+00 7.136655983038541429e+00 7.292013514549243958e+00 7.422605462858849812e+00 7.548366006540592643e+00 7.663464897655261510e+00 7.759880433487750473e+00 7.853567432556584293e+00 7.945096873825939987e+00 8.026181527042842490e+00 8.105329070886460485e+00 8.179510129163476861e+00 8.248617651049077182e+00
2.189476067374537926e+00 3.103242683670623059e+00 3.629532954731879979e+00 4.001460536077050101e+00 4.280987891447041171e+00 4.514312295047493429e+00 4.714812818095862390e+00 4.878540782550879307e+00 5.025652542677843115e+00 5.157456467304654346e+00 5.278888493808619131e+00 5.387775606569787712e+00 5.484574614070975684e+00 5.571469085230190466e+00 5.657890592204761759e+00 5.736506752448952362e+00 5.820650475970827742e+00 5.890071364216681538e+00 5.947837072986253304e+00
5.242705786722054562e+00 6.258371818877539461e+00 6.835774661040565192e+00 7.241668478931502229e+00 7.547437234765376424e+00 7.799751196949139320e+00 8.014743683855119372e+00 8.198567169547089861e+00 8.353175228409822850e+00 8.498451968862443806e+00 8.626825242987022690e+00 8.742044937460319076e+00 8.853316797891203294e+00 8.952775447333641168e+00 9.042448568063788272e+00 9.129443672445868074e+00 9.213733891476554305e+00 9.287775352512023019e+00 9.354866471241185977e+00
3.574703336409889243e+00 4.538225042781988350e+00 5.086372101911734056e+00 5.468115368331474713e+00 5.762298818105915821e+00 5.998844642219379075e+00 6.200031290501798686e+00 6.374239216994624257e+00 6.522515716781094319e+00 6.661636627318594073e+00 6.778132171878464618e+00 6.893304375865562328e+00 6.993304599644510233e+00 7.086966897815522692e+00 7.178435329873076753e+00 7.265276903041413270e+00 7.340262292947818068e+00 7.403349903866537574e+00 7.473091671934134261e+00
3.568169562567015340e+00 4.528435454269487792e+00 5.083806527561270272e+00 5.471339312979873526e+00 5.772765619132417925e+00 6.018992764246465121e+00 6.226998049313989370e+00 6.404295266772773054e+00 6.561860137774951696e+00 6.708543038721943574e+00 6.835032316957192933e+00 6.951082922513567297e+00 7.055640436185498743e+00 7.150917476938705164e+00 7.245015630010191110e+00 7.327061471989116725e+00 7.398124597245788969e+00 7.494927118010255462e+00 7.573954072399822657e+00
4.673670873655644264e+00 5.643344495186615184e+00 6.198153542968148244e+00 6.588005592737417260e+00 6.890606409814911792e+00 7.133179328745953285e+00 7.342448561326789580e+00 7.511009346486183347e+00 7.662103347252634755e+00 7.809227889567517344e+00 7.932602287691737253e+00 8.049616691700856919e+00 8.149711091352683567e+00 8.250346017717927083e+00 8.327111916899342603e+00 8.417475612605063162e+00 8.496274103504370956e+00 8.571821463460954860e+00 8.640701679396030954e+00
4.482506389554826498e+00 5.541768103429968839e+00 6.152375289662122881e+00 6.580924696216940539e+00 6.912340026971965479e+00 7.178984600680164085e+00 7.409206484442462326e+00 7.603647038829291382e+00 7.777182923898965150e+00 7.935082947725170754e+00 8.077322118488611480e+00 8.199666686664274451e+00 8.322238792427580023e+00 8.429269869103876545e+00 8.531879985314001047e+00 8.630206833846569836e+00 8.716270146094903026e+00 8.800908588147782652e+00 8.884353106247578680e+00
3.359265044131966693e+00 4.337626258397880186e+00 4.895322162422619527e+00 5.293813480112837588e+00 5.596586311150211657e+00 5.843847665669915870e+00 6.052482081326424179e+00 6.231457960034096466e+00 6.388340209533180492e+00 6.533406978021907285e+00 6.654127196575510439e+00 6.772536623018357460e+00 6.872320863837248162e+00 6.981040586478500565e+00 7.069036212511165651e+00 7.157055642183944855e+00 7.231545827836534102e+00 7.314412611115790774e+00 7.388803447587489970e+00
5.212519595409761841e+00 6.213958826502514299e+00 6.782758749157864031e+00 7.183245545167730839e+00 7.490928288540598778e+00 7.733694399599679414e+00 7.942503125494479121e+00 8.125170163782589938e+00 8.286256762427195000e+00 8.427008426049475531e+00 8.554317047794336659e+00 8.669366186581795475e+00 8.771003281305214117e+00 8.868988120032748057e+00 8.963450172816914474e+00 9.043803496431589650e+00 9.132063446360792369e+00 9.199291259247157626e+00 9.274851169156653086e+00
4.770142448492565634e+00 5.738983143886271954e+00 6.286876369900596728e+00 6.673020463292527182e+00 6.968647135495678491e+00 7.211940532693298600e+00 7.417872303520114841e+00 7.591195556563238078e+00 7.745362045267114581e+00 7.880754276887964593e+00 8.010024732674994041e+00 8.122514694513975897e+00 8.226919407352584201e+00 8.325826407088790404e+00 8.415460350365517428e+00 8.498941414788040660e+00 8.586651314646102762e+00 8.648587382320959804e+00 8.726297769744565613e+00
4.202453778449214639e+00 5.198150342101483190e+00 5.770395906413937404e+00 6.172402078100190259e+00 6.482000567927187262e+00 6.736852955195219650e+00 6.946302279220756937e+00 7.131786503021832146e+00 7.295409746633742643e+00 7.444361913730054070e+00 7.568490168505815241e+00 7.691359104454008389e+00 7.797446423306253926e+00 7.896925090443042805e+00 7.992581310204267098e+00 8.088565325395315142e+00 8.167127097666144309e+00 8.239590324490558615e+00 8.311358800698698701e+00
4.436255343418858743e+00 5.443412158749543650e+00 6.025307515895192090e+00 6.432754280961704652e+00 6.752688890365492469e+00 7.004914634319028721e+00 7.223759580862792795e+00 7.407661258773894808e+00 7.579607651829643800e+00 7.725926803588913927e+00 7.854097986536864084e+00 7.976020691187741818e+00 8.091074301561407722e+00 8.193054805339036406e+00 8.283636306699271756e+00 8.375769287136659358e+00 8.459145859789854782e+00 8.547919166683515257e+00 8.613990047762273505e+00
4.702402032744653404e+00 5.749698776805510114e+00 6.343620304403772892e+00 6.757926949739434974e+00 7.076790443656064689e+00 7.335286676098908387e+00 7.547787512574961610e+00 7.737806657420485124e+00 7.897195863104058411e+00 8.043178765785549800e+00 8.168239240110352739e+00 8.291674970735522621e+00 8.397241622331200972e+00 8.501087946153923269e+00 8.596664759203706652e+00 8.682223687393420875e+00 8.757670612161170709e+00 8.841841166696376320e+00 8.905010212450033436e+00
4.685511741107138306e+00 5.727215319980037300e+00 6.326298019930481686e+00 6.747018298503984823e+00 7.071370288049004138e+00 7.333515900002782750e+00 7.549632923580184674e+00 7.747771519086168901e+00 7.913430336631629203e+00 8.063968650159383245e+00 8.197459889329142158e+00 8.319193626346033099e+00 8.434279351177563555e+00 8.532628377259767305e+00 8.632284654383482803e+00 8.726574208122901410e+00 8.807127187257176359e+00 8.892448059642619640e+00 8.970182848098424699e+00
4.413908740472004766e+00 5.469430428055749083e+00 6.072353439755429960e+00 6.497867938490676565e+00 6.827384746417592964e+00 7.089919650267175300e+00 7.312109519147596437e+00 7.505838786217311487e+00 7.678408034986379249e+00 7.830879736027517524e+00 7.966038622944550340e+00 8.091065702259740533e+00 8.202010095386185640e+00 8.313859689014361010e+00 8.414320968844526405e+00 8.505596058215951771e+00 8.598504038772674107e+00 8.676498482069582963e+00 8.749439073387822674e+00
2.977339967474311955e+00 3.871886377932602485e+00 4.381319277221597197e+00 4.735969709817983819e+00 5.011751806963465228e+00 5.231171934431168680e+00 5.416311258478597068e+00 5.576700736480541210e+00 5.714935800031626378e+00 5.827586819856215961e+00 5.952411749199803204e+00 6.050931329901286126e+00 6.139684267350592251e+00 6.221555453692181104e+00 6.304108028758705018e+00 6.372098374245102725e+00 6.436937008807475991e+00 6.499233007504519932e+00 6.559868758067242567e+00
4.379948886689961185e+00 5.420541339617349408e+00 6.020177622573673837e+00 6.441096051356216101e+00 6.765559065656705506e+00 7.028954877939942669e+00 7.255913918279272679e+00 7.449393997051073413e+00 7.623418293490719755e+00 7.775625466803655961e+00 7.914258520599871893e+00 8.038512971453378952e+00 8.158447759342635663e+00 8.260746378260982681e+00 8.367023248225395449e+00 8.457523256457861294e+00 8.547292714559086235e+00 8.630204195130916744e+00 8.703669234582497083e+00
3.840684615677954383e+00 4.815728653078467758e+00 5.372872964356671055e+00 5.758637198288501402e+00 6.056329317618060593e+00 6.296868411708704372e+00 6.497716233271860098e+00 6.676107152464028971e+00 6.829844841142469924e+00 6.967011278330898172e+00 7.087336148981302486e+00 7.200975345543501049e+00 7.309761766181367193e+00 7.397518784711844653e+00 7.494447151543501384e+00 7.574671685535843579e+00 7.641890359002101007e+00 7.727792524890542580e+00 7.794860899888061745e+00
4.261078915215369634e+00 5.213571925925395867e+00 5.749909411687658789e+00 6.126592104030910590e+00 6.413183526952511038e+00 6.645113008176330105e+00 6.843955409262028056e+00 7.008948635943827554e+00 7.157379415616128782e+00 7.298133412758589955e+00 7.416261698965222138e+00 7.524440889490461082e+00 7.615966041007996346e+00 7.713242395941940721e+00 7.801807945013844225e+00 7.879357728877637079e+00 7.949549019804288186e+00 8.023466423994713992e+00 8.091797074334616369e+00
3.539628220673632253e+00 4.536682911531109141e+00 5.104236786433348882e+00 5.497878772946230619e+00 5.805497521250576831e+00 6.050713172108781457e+00 6.256389459147031928e+00 6.433316585837070889e+00 6.590588700506930131e+00 6.728449136754459659e+00 6.855956256514109448e+00 6.965579947361387525e+00 7.075020268015276059e+00 7.166596843787716331e+00 7.256073111791666364e+00 7.345718615722564238e+00 7.423816621850320985e+00 7.492821587268864825e+00 7.565104828394224157e+00
4.231907104813877218e+00 5.150258823125663632e+00 5.668652950093886922e+00 6.033782809394513613e+00 6.316893579775687328e+00 6.541324247874802822e+00 6.731707482161217726e+00 6.898098329532900586e+00 7.037395376871127262e+00 7.167955009932447830e+00 7.276646376632380786e+00 7.384793366594911923e+00 7.488354004305336709e+00 7.575870912391454048e+00 7.660647631072684760e+00 7.727491085617283595e+00 7.809283274690511867e+00 7.871025619319039990e+00 7.943059152263415079e+00
4.018562191581596998e+00 4.900941121986248206e+00 5.407974067533045215e+00 5.759744196745186784e+00 6.030540866945667489e+00 6.249731429492305423e+00 6.435360331112002008e+00 6.591558235218609951e+00 6.728770137511864924e+00 6.858254534393726232e+00 6.961571432995512509e+00 7.071722474767939026e+00 7.163295801546607500e+00 7.243669367523724034e+00 7.332464725871333577e+00 7.397960934498927443e+00 7.465892739759131480e+00 7.529135075096426100e+00 7.598715129912304356e+00
3.902032750253658921e+00 4.900171512563173515e+00 5.472100249993358645e+00 5.871149067939280819e+00 6.177584904245443376e+00 6.426272656224442770e+00 6.637206535942882013e+00 6.819512467503682451e+00 6.977008543614751090e+00 7.116667132398328377e+00 7.249686802656224671e+00 7.367598879011545421e+00 7.470696837150402558e+00 7.572186084169625353e+00 7.661399885722351755e+00 7.744385373698947639e+00 7.837815456509027001e+00 7.909658955914343537e+00 7.979413561983482062e+00
3.180066899926211388e+00 4.121685377655886384e+00 4.662974819722865760e+00 5.044037938958086720e+00 5.336901919292711405e+00 5.573658499384171350e+00 5.778452924279323888e+00 5.950016058959191945e+00 6.100006260102190048e+00 6.231005428554285963e+00 6.361117214887515026e+00 6.469442819060025940e+00 6.575795983627296337e+00 6.674333299641066475e+00 6.756301520252526949e+00 6.840328331396718475e+00 6.923384175736934765e+00 6.986731154830087220e+00 7.062032035913687444e+00
4.918883906321394051e+00 5.843996484776141642e+00 6.367449106598995989e+00 6.734454955424398648e+00 7.010516551083887826e+00 7.236316973082545623e+00 7.423386841759582744e+00 7.594763038157309687e+00 7.727997753362210176e+00 7.854348211778924060e+00 7.970162329018222636e+00 8.070343825755109890e+00 8.170571383858169057e+00 8.250350833292596775e+00 8.335616931444169708e+00 8.416188754669507333e+00 8.478536727048302524e+00 8.548861349955382494e+00 8.614055855340609469e+00
3.554938003969745353e+00 4.482799290989517793e+00 5.016654360596861650e+00 5.394000055258284299e+00 5.677610995276102024e+00 5.916888199268139026e+00 6.118249020682108075e+00 6.285516786001644540e+00 6.427902255666174014e+00 6.564175200185953685e+00 6.679724932223167322e+00 6.797927747847826829e+00 6.889071104756422592e+00 6.995000550183491761e+00 7.058247795348576936e+00 7.158660913390316516e+00 7.231338776456254891e+00 7.293479116276058605e+00 7.358863643307038238e+00
3.139433186475481197e+00 4.086370309582344262e+00 4.631503210090737177e+00 5.015280270609813407e+00 5.314051708292414133e+00 5.552184598379941605e+00 5.759628064936580749e+00 5.929898161163190906e+00 6.089735405248529077e+00 6.232534542442262016e+00 6.349109471378023173e+00 6.463545890278594719e+00 6.569150071518092382e+00 6.669308626797486816e+00 6.757134291450879182e+00 6.837096166935209496e+00 6.924901352819283318e+00 6.993789487383809345e+00 7.057833299966340235e+00
3.156598964407156593e+00 4.116973141209013143e+00 4.668715083453528258e+00 5.053405456353234015e+00 5.348945719055089754e+00 5.589259893709372484e+00 5.790190267600272556e+00 5.964952847085423393e+00 6.111990493906755972e+00 6.249590125253837058e+00 6.375051794004696681e+00 6.491632642484296056e+00 6.586186761185429006e+00 6.671725641753830871e+00 6.767222115740122668e+00 6.850986849349154362e+00 6.926132919632678409e+00 6.996163539815020371e+00 7.067055481097588299e+00
4.455576155215806189e+00 5.431710536784117416e+00 5.993401695924903905e+00 6.393507901687546457e+00 6.698969633203429197e+00 6.945256041450881490e+00 7.157617163759286250e+00 7.340976571790604588e+00 7.503869232262315947e+00 7.647470498063574595e+00 7.783104248308280404e+00 7.904875874250806511e+00 8.009701234591286578e+00 8.115098330994442222e+00 8.206705654812585848e+00 8.302535845024189953e+00 8.376872461785524138e+00 8.461722215394086533e+00 8.534999853686597859e+00
4.054451779862206173e+00 5.117313421881628521e+00 5.727782826695990259e+00 6.152336003357330441e+00 6.478336011526921290e+00 6.747556557122930343e+00 6.971154211221594288e+00 7.167995442413968910e+00 7.335904487873118995e+00 7.488314871588614530e+00 7.630171731266687907e+00 7.748479222227897978e+00 7.868606280774637085e+00 7.971751710756506348e+00 8.076966817139787480e+00 8.169998179443984654e+00 8.252146046197310625e+00 8.331179024584770332e+00 8.409504697049118960e+00
3.893875795103550530e+00 4.848108484365196702e+00 5.395402731203717828e+00 5.778488859119715215e+00 6.072823735352183228e+00 6.310395836931979474e+00 6.513191339931313273e+00 6.689717938863430469e+00 6.838705072394843043e+00 6.966595514928652477e+00 7.097591803416580802e+00 7.204754635513242356e+00 7.316208656872724703e+00 7.406038086777432916e+00 7.483467929163363230e+00 7.574077511894670600e+00 7.647057271723914695e+00 7.724116620902531594e+00 7.790019070884021346e+00
4.070633515120983148e+00 5.040713903021346809e+00 5.589795669163722280e+00 5.975514712089134761e+00 6.266180213714174663e+00 6.507369406049704708e+00 6.707509643438324787e+00 6.877902705824821439e+00 7.032165118044122032e+00 7.163714213245643947e+00 7.287833854006781742e+00 7.401693705425977932e+00 7.504067996179571765e+00 7.592241649185285546e+00 7.677642011095520580e+00 7.764661828936810117e+00 7.837267755955642734e+00 7.913952067085369357e+00 7.982760583582114933e+00
4.288900402813863977e+00 5.331004136872024013e+00 5.927038603462284172e+00 6.343614485150181892e+00 6.666081435529099153e+00 6.928341464849309794e+00 7.143539935562911225e+00 7.335025004893916289e+00 7.505951480445975932e+00 7.652221289382437952e+00 7.784345965640483200e+00 7.912464857937971274e+00 8.022532061578774076e+00 8.118119471857106362e+00 8.221561980932783342e+00 8.309858845269053162e+00 8.389671518514791870e+00 8.478245381669687220e+00 8.548221653307699341e+00
3.750216384656487989e+00 4.647118240693073332e+00 5.157241152186595734e+00 5.515042318548468714e+00 5.789232175368258737e+00 6.010126291364951356e+00 6.203605477941251500e+00 6.362058377711840684e+00 6.499496067392441567e+00 6.620212380035501276e+00 6.743430433563265325e+00 6.841153775916464674e+00 6.939201477836148158e+00 7.023211384436343963e+00 7.109871763571408820e+00 7.191053775927548131e+00 7.255225039953685062e+00 7.323996860831556432e+00 7.389399902767304518e+00
4.682539026179598274e+00 5.656357633866190504e+00 6.209680785030693428e+00 6.595525696513934832e+00 6.888352286402222191e+00 7.127254773207767791e+00 7.332258664210609567e+00 7.505632423016502131e+00 7.657049882920570205e+00 7.786734553018881400e+00 7.911222943529649498e+00 8.016325975125173642e+00 8.121816655001932617e+00 8.216356361607465075e+00 8.298528664240343744e+00 8.379643351501238513e+00 8.458320647207811405e+00 8.530626956745818390e+00 8.595055590859864481e+00
3.052105083336223768e+00 4.047047626896808303e+00 4.621741042570969960e+00 5.029839199118240955e+00 5.340997279181578961e+00 5.596360704255797458e+00 5.805140963265088772e+00 5.993735144971185314e+00 6.156189013495867890e+00 6.307444580114958121e+00 6.436555363520753303e+00 6.556448813237307327e+00 6.663182640251731570e+00 6.766403176847760825e+00 6.852911656085750813e+00 6.946819410210659740e+00 7.036892155587931796e+00 7.110998528237122862e+00 7.176555355433876571e+00
4.743984676355514907e+00 5.734745736238236802e+00 6.303300667830347592e+00 6.701966392391835114e+00 7.011579942384361885e+00 7.262266267842800715e+00 7.477568796270723794e+00 7.661155565571445614e+00 7.821024798151729129e+00 7.963064013772329197e+00 8.098248450859133030e+00 8.213220576380198423e+00 8.328625623312024828e+00 8.431218050864369928e+00 8.526292511192391288e+00 8.616913295945785478e+00 8.707767952539217760e+00 8.773073276179992774e+00 8.853315464187225814e+00
4.511433170901384848e+00 5.522985350785804215e+00 6.105101811734209072e+00 6.516454094488024928e+00 6.834096202705699064e+00 7.089146695943878029e+00 7.305561718551629724e+00 7.493099694250395792e+00 7.658140662609337568e+00 7.806597705712576385e+00 7.944062518904960513e+00 8.061328752246218698e+00 8.171174187647952891e+00 8.284299700949523171e+00 8.372148408140098752e+00 8.461229349884071382e+00 8.545599666536681127e+00 8.628732803904195947e+00 8.700510498343476229e+00
4.165308530738178305e+00 5.163016355903647714e+00 5.731897189018912542e+00 6.131059396341552947e+00 6.437394938961936042e+00 6.688326956160150161e+00 6.894344057887693999e+00 7.077311537449799239e+00 7.238414399787701292e+00 7.376637910249088215e+00 7.505095794012893506e+00 7.620011859230242379e+00 7.732903489939391584e+00 7.820333596808996646e+00 7.920347973861136204e+00 7.999122519164083123e+00 8.085182850369401208e+00 8.161641386255444885e+00 8.234676123842586293e+00
3.847545213478118509e+00 4.779612113108147042e+00 5.307449153991971258e+00 5.679504278799066164e+00 5.962788914531598650e+00 6.198057855939800298e+00 6.386088703618231222e+00 6.556934648171921509e+00 6.707218966105719993e+00 6.827649030054715240e+00 6.945943686847242837e+00 7.052977012240305932e+00 7.158254164578790046e+00 7.247657838310449741e+00 7.333678524954757805e+00 7.410322065285570581e+00 7.481195841046782036e+00 7.557038390146200157e+00 7.619025451556773021e+00
4.377812610404546945e+00 5.388158923800602906e+00 5.971555249039675495e+00 6.382693431642280757e+00 6.701608944005516655e+00 6.959082272310066486e+00 7.175328109589302450e+00 7.362058277627382630e+00 7.522165760650279864e+00 7.675373934991346125e+00 7.804630424040728265e+00 7.921372244458325440e+00 8.030640514423160070e+00 8.132576873553306385e+00 8.237232826407932862e+00 8.318932982280903943e+00 8.406246555206065452e+00 8.482202192344212577e+00 8.561829813052876048e+00
3.566847160264701611e+00 4.504688118755559856e+00 5.043583515791575600e+00 5.427247276119815389e+00 5.716807986210741710e+00 5.958678258419586982e+00 6.156690837643132852e+00 6.333889858757729030e+00 6.486285288685118999e+00 6.620153067095336574e+00 6.745565589864833456e+00 6.863212540927943195e+00 6.965523960906770284e+00 7.066417485934611165e+00 7.143287639555329527e+00 7.228090204290054110e+00 7.309852511391551566e+00 7.387313776512757002e+00 7.454507532746420750e+00
4.415474074308465724e+00 5.445657212273276926e+00 6.040003125671084661e+00 6.456653988022535984e+00 6.779454988535246862e+00 7.040341360697691009e+00 7.261708528944570418e+00 7.452653532564550432e+00 7.619792238365150183e+00 7.776176277088854505e+00 7.905223081447780409e+00 8.026473561917876864e+00 8.144556129033666991e+00 8.244484129727712940e+00 8.351929087401877894e+00 8.430832634439488160e+00 8.516603587953907706e+00 8.598595961438585178e+00 8.676937459597528601e+00
3.667573608177134847e+00 4.706205944227147775e+00 5.303886626419116901e+00 5.721294630035022699e+00 6.046063381675013559e+00 6.301832440807525693e+00 6.529108711483480931e+00 6.714892552665181924e+00 6.883521977291837679e+00 7.033847090367338240e+00 7.167384791976659564e+00 7.287435055961386965e+00 7.403296839043122191e+00 7.509214513948034408e+00 7.602419386890788111e+00 7.699526586240425630e+00 7.781103406759775076e+00 7.866611004680353680e+00 7.941316108199765189e+00
3.610167501906630605e+00 4.557865769137733558e+00 5.098644223867347058e+00 5.477038173153276901e+00 5.774299101546652935e+00 6.014281967210109769e+00 6.215154053055755412e+00 6.386487050243337293e+00 6.540133693072353260e+00 6.677319921796354585e+00 6.801238869062999015e+00 6.904850925820992913e+00 7.011370477690559433e+00 7.104146382932145620e+00 7.191606221825420420e+00 7.276008557109647334e+00 7.351697759214202321e+00 7.425514319697889221e+00 7.503046526852656051e+00
4.781815971453507785e+00 5.714163975520107464e+00 6.242023497547894095e+00 6.611052539725091215e+00 6.896026537214924090e+00 7.128316559626041382e+00 7.320383811553837994e+00 7.483390813067360980e+00 7.632499791496789143e+00 7.761090551802106496e+00 7.876859423154450646e+00 7.988681185278790231e+00 8.085190606083077824e+00 8.177964557366259157e+00 8.258192201803208121e+00 8.338597094726130976e+00 8.418685427452304637e+00 8.475134948093206333e+00 8.547022999265561083e+00
5.295981306969048674e+00 6.361720273189570563e+00 6.970208989385952236e+00 7.400526570330486109e+00 7.729773533690731391e+00 7.996272994055765082e+00 8.222288927817395177e+00 8.418228458016654869e+00 8.590183262157959021e+00 8.743923623648710119e+00 8.883544182954064894e+00 9.012453133401658434e+00 9.127934018540193151e+00 9.233306782063666063e+00 9.336068205803616848e+00 9.428951475754324463e+00 9.517443851303408309e+00 9.600344131864265051e+00 9.669910000831087871e+00
4.531675175330611260e+00 5.507909685468813876e+00 6.062005972093440498e+00 6.450817781090560921e+00 6.749794836085741601e+00 6.984128734091262558e+00 7.189067047206339822e+00 7.367547745269408921e+00 7.524090788153686482e+00 7.656008014973562759e+00 7.779190512777983457e+00 7.886033697056473279e+00 7.995679616802067180e+00 8.084931995737189681e+00 8.176884962465823747e+00 8.256566788586635397e+00 8.329892294495623517e+00 8.406838077810968812e+00 8.479793461063419358e+00
3.464645695357883248e+00 4.452596929201470211e+00 5.020496498240779815e+00 5.419846007814454580e+00 5.725254148151812217e+00 5.979799416668789114e+00 6.186952783714580129e+00 6.370982388001984908e+00 6.530605329343951659e+00 6.671518628576055931e+00 6.797835116922833265e+00 6.920933144755682775e+00 7.024635859265705662e+00 7.125566945757062953e+00 7.221771212155180031e+00 7.308103294622125823e+00 7.384737562269869215e+00 7.467700436036432521e+00 7.540207288571650679e+00
4.887700928114044885e+00 5.832797258158450404e+00 6.369860532662368513e+00 6.747951321573972372e+00 7.037315628572250681e+00 7.265594223874308533e+00 7.460827357470459553e+00 7.630390926320948175e+00 7.775755660880521170e+00 7.911305640565994501e+00 8.027687212819841989e+00 8.136323419832098836e+00 8.235772076673150366e+00 8.329983228167856524e+00 8.408264846514375890e+00 8.483658865369827495e+00 8.559936893330810648e+00 8.631704277708625028e+00 8.698356066971870248e+00
4.079725306350507452e+00 5.096193778216433046e+00 5.681388853813348128e+00 6.093146828827416428e+00 6.407805777895946520e+00 6.662026480831275244e+00 6.879010338263483959e+00 7.062362511198916337e+00 7.226590400813074133e+00 7.374165629569347402e+00 7.509027119562973418e+00 7.629868580402326295e+00 7.737250979745670776e+00 7.835986451335451797e+00 7.924633604552852262e+00 8.013872558317112649e+00 8.098657174726385577e+00 8.178304075669593942e+00 8.254707482159234999e+00
2.791392243179241284e+00 3.781691997078732381e+00 4.348620955379531416e+00 4.750378112879077186e+00 5.060694644043693735e+00 5.309727789563291722e+00 5.525384827913480734e+00 5.707321832973078379e+00 5.868232232874384557e+00 6.010153075691712310e+00 6.148914047824383999e+00 6.259612357585687015e+00 6.370617728222321752e+00 6.472539089102452792e+00 6.559796894746206419e+00 6.652301237848421422e+00 6.732995081569094431e+00 6.805461000674537964e+00 6.886432641710792169e+00
4.793993148507766477e+00 5.790423420839093005e+00 6.359327626508227027e+00 6.762370710927964268e+00 7.069124636871924494e+00 7.319477733283891396e+00 7.530243290543144674e+00 7.714134425920973648e+00 7.869220434698742217e+00 8.013661980753141734e+00 8.136084018612471880e+00 8.259134146895011241e+00 8.365227178167636168e+00 8.466833371009970577e+00 8.560893008180618935e+00 8.649783155380680100e+00 8.730550943482086268e+00 8.797199298542622614e+00 8.871358944500531862e+00
3.785579190407938110e+00 4.741287659053944559e+00 5.280335843349706515e+00 5.657258751242816075e+00 5.949179521401291915e+00 6.181196223167792603e+00 6.379555251098040003e+00 6.544692388527208138e+00 6.694136445000018476e+00 6.823678604098844858e+00 6.948230680967800055e+00 7.055405220551834944e+00 7.145085287450889666e+00 7.246414032236240033e+00 7.334361633875397857e+00 7.409901567488764940e+00 7.486809162572163778e+00 7.553998260261476361e+00 7.630450477520205332e+00
3.703501248210034458e+00 4.624849503469000922e+00 5.150073586719813967e+00 5.520815198870224094e+00 5.798828187705746373e+00 6.030240527975625042e+00 6.221952823249826459e+00 6.385383328008984449e+00 6.534197539921239084e+00 6.663489594351630352e+00 6.779307178472494755e+00 6.885955558268780585e+00 6.979588426128865208e+00 7.079840403800181647e+00 7.152884243945510256e+00 7.229647157184957429e+00 7.311681199279271404e+00 7.375658938847556634e+00 7.444062226258480131e+00
5.125057530766767400e+00 6.129330668986296082e+00 6.705593073479062305e+00 7.110950139463714237e+00 7.424020716299793321e+00 7.675273047939196402e+00 7.894964590004951432e+00 8.077249532638811402e+00 8.243943570447374469e+00 8.387919732451408095e+00 8.515813334318536931e+00 8.628997154026189165e+00 8.739055666846587300e+00 8.847662450081804408e+00 8.940332027583083985e+00 9.023851512206917391e+00 9.100417954697535450e+00 9.185455934336976824e+00 9.263047619249388021e+00
5.015683446688876224e+00 6.056550070467078939e+00 6.653144625540086565e+00 7.073443575827640828e+00 7.399127883428572083e+00 7.658396295037296575e+00 7.881203295828027144e+00 8.074073466695926626e+00 8.243525933785830873e+00 8.393855347144071999e+00 8.527263426951922298e+00 8.652305778192433294e+00 8.761194538689911937e+00 8.865998837712686154e+00 8.963052292598561621e+00 9.059885588757476071e+00 9.134387194114365727e+00 9.224744420821030744e+00 9.300635103990231300e+00
4.436793228529308131e+00 5.499880807117477843e+00 6.107591179755210042e+00 6.538205726267978690e+00 6.864238406069167908e+00 7.128014543107466849e+00 7.356242208515689995e+00 7.549690317783382731e+00 7.715684333856064114e+00 7.865072242862423124e+00 8.001609061441481430e+00 8.125188917269001720e+00 8.239699052273875779e+00 8.346674182756451899e+00 8.442304135405541032e+00 8.537015994190371160e+00 8.622842297616157836e+00 8.701003387130109346e+00 8.774964808588727294e+00
5.502603450391465145e+00 6.509827243717502654e+00 7.082479023579167254e+00 7.486375851849317087e+00 7.792915899786160949e+00 8.043548837939598073e+00 8.254635323471900321e+00 8.437336283234911249e+00 8.596942479839803752e+00 8.740030451473801421e+00 8.871360026639900198e+00 8.989671620875174796e+00 9.098611902886029057e+00 9.192357522175429452e+00 9.287908304820730265e+00 9.379786988772361056e+00 9.464385927620122985e+00 9.537380340486523167e+00 9.615818108643768625e+00
4.537823616615210831e+00 5.488328437391689185e+00 6.035552717131419165e+00 6.418122430142203960e+00 6.710596593896753781e+00 6.951701017244224623e+00 7.151959289251908380e+00 7.327204561389325299e+00 7.483625849711246225e+00 7.618347832101950878e+00 7.742313658592527403e+00 7.854845901957823173e+00 7.965355609722418073e+00 8.052122513946919469e+00 8.141406384243511596e+00 8.223848156962484168e+00 8.302535384061927815e+00 8.371360519864117222e+00 8.435433736073479238e+00
3.619560446902078787e+00 4.689081432851466502e+00 5.303308711945140530e+00 5.734272392132700347e+00 6.067627775358659825e+00 6.338121862083538893e+00 6.565888579020856319e+00 6.765508523863895007e+00 6.939109652163947928e+00 7.098366202026476834e+00 7.232550977792739033e+00 7.359076902577031731e+00 7.476238994962779216e+00 7.583498273716078764e+00 7.691047343088398769e+00 7.775272125340662477e+00 7.870052251715867975e+00 7.952746518304400603e+00 8.032618938287273025e+00
3.308414012071899446e+00 4.245432889680288646e+00 4.791161566217307488e+00 5.174149769008028699e+00 5.474386601718389755e+00 5.716682987895109314e+00 5.922245366067909522e+00 6.095411788946507592e+00 6.255822208741832924e+00 6.396702177629073560e+00 6.523570512321948733e+00 6.641896280376372808e+00 6.745933215979206921e+00 6.847005847926395994e+00 6.934257750396988662e+00 7.028974730711796681e+00 7.111973741978344421e+00 7.174317999575700711e+00 7.242032695449617918e+00
4.626013565531870597e+00 5.602696005620167341e+00 6.159490404757884008e+00 6.549295942409678162e+00 6.851875830601654727e+00 7.091769620118231643e+00 7.295146364663159133e+00 7.469471877781192148e+00 7.623337095840095223e+00 7.768576831136027039e+00 7.890528975023726410e+00 7.999440222561000624e+00 8.101426251695846403e+00 8.198505203146616793e+00 8.291419312450628354e+00 8.372676711366572988e+00 8.455469563021317470e+00 8.522664614748713063e+00 8.592546642750368946e+00
4.388317324767045946e+00 5.375115808540417817e+00 5.938062527092926146e+00 6.330175129571608217e+00 6.633976225501630353e+00 6.882063275258478718e+00 7.086810003017248505e+00 7.262556645873067040e+00 7.417118845734886889e+00 7.560319822438924753e+00 7.682078126169868959e+00 7.794451638532586379e+00 7.904535290556868432e+00 8.002404051443072319e+00 8.092630858946160188e+00 8.166982735748394617e+00 8.259856864045378444e+00 8.327911737453669971e+00 8.395482501400774566e+00
3.433912926518169151e+00 4.483126852188452638e+00 5.086064036834530455e+00 5.507268597635862406e+00 5.831291705592895447e+00 6.096986421522952782e+00 6.321835993652489272e+00 6.508885439175405629e+00 6.677146718482023680e+00 6.825136186984953390e+00 6.962887356615069301e+00 7.090964451164653681e+00 7.197487385964974393e+00 7.306180868487763824e+00 7.404082524301783153e+00 7.491813900746332244e+00 7.578203340695300660e+00 7.659912015794259510e+00 7.732284880428555773e+00
4.783268267114892502e+00 5.740227449155839601e+00 6.277574439415084306e+00 6.655398764294703007e+00 6.943028673814960250e+00 7.172922132836414555e+00 7.370982909157632434e+00 7.545398736062273848e+00 7.692290875765020353e+00 7.819883220803703239e+00 7.942544202112605589e+00 8.049271786348130675e+00 8.153507046664572044e+00 8.247859324078810062e+00 8.323699738177479546e+00 8.409105660490634904e+00 8.482663966098376918e+00 8.550638725836426701e+00 8.626453216011839231e+00
4.220414418414870639e+00 5.210571555403601174e+00 5.776674373743238000e+00 6.173241469037462181e+00 6.477868922526412554e+00 6.724525649809499406e+00 6.931358871240788311e+00 7.109645768122914156e+00 7.274023583970762097e+00 7.407992049235076593e+00 7.534631977096381661e+00 7.653393104611955877e+00 7.756613586821067940e+00 7.852556460161761898e+00 7.941311675316400809e+00 8.022111319943277863e+00 8.105983865618474837e+00 8.184247199368273940e+00 8.256711994417882394e+00
4.850173585874355986e+00 5.872765195389133552e+00 6.452088854717707989e+00 6.861427696067821991e+00 7.171820107162348634e+00 7.426585324370753582e+00 7.633783648551616174e+00 7.821141548829413814e+00 7.979098916462207924e+00 8.123557862565840892e+00 8.254377927335641019e+00 8.368650801551083873e+00 8.473146921925218678e+00 8.570357885473901760e+00 8.668343267797316898e+00 8.748131288095457592e+00 8.829685560553166113e+00 8.903697463040094462e+00 8.970610295948663548e+00
3.344409568891427487e+00 4.297506457587569884e+00 4.839314761198236781e+00 5.217567109060655461e+00 5.508153988492246356e+00 5.744825923676762258e+00 5.947906828003707957e+00 6.120484766359916229e+00 6.270268905840204354e+00 6.402016684845699857e+00 6.526025705012981071e+00 6.625185155962381778e+00 6.740211814398965551e+00 6.839327147624802983e+00 6.908431353514756346e+00 7.009204524144013071e+00 7.085672120144352881e+00 7.156302269049492182e+00 7.219107380138914287e+00
5.146395059786497583e+00 6.142552672194355523e+00 6.710610497606065650e+00 7.114304381147633194e+00 7.418404826757623916e+00 7.672096614070849974e+00 7.882554334815488950e+00 8.060388035969397791e+00 8.220602329527425312e+00 8.365023519543434816e+00 8.493471639511412263e+00 8.611533980885281991e+00 8.719778142149550604e+00 8.816444545668632671e+00 8.908057942505301696e+00 8.998917109666402681e+00 9.075058028142532152e+00 9.151699599564206977e+00 9.223909878623247849e+00
3.907777395255911390e+00 4.829987319663888279e+00 5.362847142111098364e+00 5.737738137344005729e+00 6.029285692696783272e+00 6.268580926378401585e+00 6.466535422790705034e+00 6.648075491273228721e+00 6.803926769776724726e+00 6.939548946630712756e+00 7.068227040637567349e+00 7.187343129838819955e+00 7.300317314517172029e+00 7.395063272900262774e+00 7.492084492225691505e+00 7.574096690447865043e+00 7.661585886277065605e+00 7.737622126428911784e+00 7.813693108030012269e+00
5.102238244445277182e+00 6.105690080187275548e+00 6.680082001455469154e+00 7.084743920472940104e+00 7.392181176785088681e+00 7.644080803540420632e+00 7.856493397159135306e+00 8.043842238130327615e+00 8.198700150628841499e+00 8.343627773782040791e+00 8.477596832201854227e+00 8.587409519962433180e+00 8.696361752511695187e+00 8.801153986456546008e+00 8.890580570660347348e+00 8.985509313656738328e+00 9.060177170368046262e+00 9.133828370555404419e+00 9.204848731456301891e+00
5.065702750586562608e+00 6.107856655175162075e+00 6.706762647572109159e+00 7.125602737953363075e+00 7.450624643375096667e+00 7.716125673036891897e+00 7.934668854716789177e+00 8.125014717147335475e+00 8.294114028500398916e+00 8.451091408431997465e+00 8.584543042932695656e+00 8.706277715996993294e+00 8.816152674662143696e+00 8.921743841159139876e+00 9.018001186133236757e+00 9.108869613506987761e+00 9.190090728975716772e+00 9.263917616637669994e+00 9.348541057278712429e+00
3.093759560952090037e+00 4.004763172237167268e+00 4.525165062659468163e+00 4.894683831105429483e+00 5.173800185589425560e+00 5.400554027675357638e+00 5.591813269624146265e+00 5.763958953192319434e+00 5.911544515608208705e+00 6.040312205647560440e+00 6.153841214619411026e+00 6.259312542167984716e+00 6.365788136502155581e+00 6.451440726007136028e+00 6.525613362233310788e+00 6.616348685347643865e+00 6.681916607394152052e+00 6.758523689875515217e+00 6.804705111926186767e+00
2.338925908118339336e+00 3.260185413750034122e+00 3.788372907589782290e+00 4.156458772051663253e+00 4.443390933008966037e+00 4.678072606786518151e+00 4.869839724496317857e+00 5.036476174468654143e+00 5.182709639373661581e+00 5.314600619140029458e+00 5.440493704403241537e+00 5.542920753865988814e+00 5.648627154809900297e+00 5.736231034934316853e+00 5.824178693154078879e+00 5.906609734612232820e+00 5.972483628961754221e+00 6.038521636479561749e+00 6.114792919061948773e+00
3.702122398878853637e+00 4.667804192081532300e+00 5.217972814934374703e+00 5.607342072341990225e+00 5.900697905371713681e+00 6.141487656724680555e+00 6.337120803170464889e+00 6.516924936855605033e+00 6.663187800543743045e+00 6.803252190251349418e+00 6.929212787385595540e+00 7.034762938980302138e+00 7.141035821089134039e+00 7.235352832812202983e+00 7.322698931025807489e+00 7.408316558141266661e+00 7.488349624005421035e+00 7.559875616729055281e+00 7.628960741956787750e+00
4.961946137145663904e+00 5.955273872805197044e+00 6.520133259180671104e+00 6.912904239082041435e+00 7.220041053618527549e+00 7.460060071001461957e+00 7.665516292878027826e+00 7.840087169956469815e+00 7.996608720212604382e+00 8.131876541566828820e+00 8.258971079288206951e+00 8.370587274261312771e+00 8.469845167294710819e+00 8.568418368073631441e+00 8.656535652675234616e+00 8.735375818207566923e+00 8.811704589389313114e+00 8.884894169857457058e+00 8.959558913769049227e+00
4.938867490860536336e+00 5.948034098801572078e+00 6.529588402312288764e+00 6.937710525666426875e+00 7.252577193895487717e+00 7.518854627884679509e+00 7.729419650715661838e+00 7.915813841288072084e+00 8.083081072541391521e+00 8.230206392842440266e+00 8.365868504982215015e+00 8.489917674299833905e+00 8.591423290987341588e+00 8.703640806734652458e+00 8.797455536600876869e+00 8.888518753597965727e+00 8.976622870271233623e+00 9.055635352397057858e+00 9.128356239013228901e+00
4.579435587319021117e+00 5.524143609394455368e+00 6.059558023877205102e+00 6.436504769734559872e+00 6.722477167295683564e+00 6.960462189712454339e+00 7.156856438335441162e+00 7.326518224553002057e+00 7.480102357425615800e+00 7.601606325323619906e+00 7.724760209051609650e+00 7.835977479424547809e+00 7.930566185993678907e+00 8.017715329171114291e+00 8.108396703676634232e+00 8.192216271536835848e+00 8.261701047822505473e+00 8.341900722159980575e+00 8.398192483601002678e+00
3.772555259777160774e+00 4.655621899903297667e+00 5.162750938167766535e+00 5.518027937613143585e+00 5.785978861067389900e+00 6.013065577935148731e+00 6.204423240261648154e+00 6.364432669250276398e+00 6.505641982088279818e+00 6.623910678825426501e+00 6.741176955407294002e+00 6.843096118053746402e+00 6.932980873807552236e+00 7.026894869023361245e+00 7.104672448198726897e+00 7.180202948976512012e+00 7.237032509817276527e+00 7.324464134772554758e+00 7.369511391048124693e+00
3.924207595612477117e+00 4.980256572544356608e+00 5.585788215138846269e+00 6.014099408349835585e+00 6.338595301626547496e+00 6.611063401096148873e+00 6.836602877758054753e+00 7.031394441872543588e+00 7.202576954631410899e+00 7.354340336318615279e+00 7.500230078281838075e+00 7.616087977931133679e+00 7.738487493986055732e+00 7.847882662069612714e+00 7.948321087586541545e+00 8.037031646896910075e+00 8.127060544159954603e+00 8.215040555740905859e+00 8.297169332912963213e+00
4.651039157804770063e+00 5.639697465924859543e+00 6.205855608562588444e+00 6.600923030910550438e+00 6.905229361578517633e+00 7.155996017139686138e+00 7.355658676193473688e+00 7.536363659233941803e+00 7.694295075625448455e+00 7.836365480676274586e+00 7.957962817189083715e+00 8.076874757021180073e+00 8.179523843300342989e+00 8.271637584144182043e+00 8.371699844338651886e+00 8.455018784305718071e+00 8.538037295437852947e+00 8.603250614274219998e+00 8.677455902582680736e+00
3.993763083696445726e+00 5.085853321033317442e+00 5.716092691988668761e+00 6.160702598075687320e+00 6.505591382273676615e+00 6.785476414267916034e+00 7.023426418796835158e+00 7.231950477057125681e+00 7.412553026877123585e+00 7.577563375714812643e+00 7.720738953261107262e+00 7.852112894028939749e+00 7.976389621837018495e+00 8.094539838693002309e+00 8.201453425497275518e+00 8.301178649641244078e+00 8.392322281220007341e+00 8.478828539107693629e+00 8.566627996789339505e+00
2.817842562165292719e+00 3.787368469611202215e+00 4.340718935836080483e+00 4.733652374356239534e+00 5.029762385145670756e+00 5.277728555076898864e+00 5.484457958374741260e+00 5.663371042208883210e+00 5.818372546126785672e+00 5.952436134641475363e+00 6.082954818571872480e+00 6.191380020323119737e+00 6.302308736190351368e+00 6.400739387026002092e+00 6.484281952312830555e+00 6.570891530230658972e+00 6.636878465719800779e+00 6.717493181471154706e+00 6.780967037013127197e+00
5.541942808141515187e+00 6.565404457562411089e+00 7.149007437466425863e+00 7.554776418493553969e+00 7.872650419801307642e+00 8.127518612659720532e+00 8.340061290459832577e+00 8.525048148521461755e+00 8.686660769402243076e+00 8.832533202412230722e+00 8.962207508741727224e+00 9.080291507915900340e+00 9.197009599096285015e+00 9.288377257548381394e+00 9.378166246890293323e+00 9.461956002711872316e+00 9.549241892882166738e+00 9.630011237697040372e+00 9.696662870165990711e+00
2.779206268288483272e+00 3.769567113607897646e+00 4.335141536780597882e+00 4.736959477558775333e+00 5.041937655070208635e+00 5.292064824384993926e+00 5.506451677894115271e+00 5.684480482810996271e+00 5.842869617784412384e+00 5.984504196162582446e+00 6.115527774537119932e+00 6.223565456948364272e+00 6.328778065594149460e+00 6.436817680183255952e+00 6.519958213440901318e+00 6.609644862125323428e+00 6.686060997458862509e+00 6.753098676689975655e+00 6.821805888289357078e+00
4.249548114501550344e+00 5.309276959791467299e+00 5.916318626357245591e+00 6.339647110847741907e+00 6.671214964395852931e+00 6.934108416657160490e+00 7.155337472568609414e+00 7.347382233028793230e+00 7.515985250613148594e+00 7.669306216937668452e+00 7.810729027727904672e+00 7.924616833547342587e+00 8.042335512177841039e+00 8.150532695094808489e+00 8.244423219690245830e+00 8.334049312157855383e+00 8.420680430615306022e+00 8.507176617781631478e+00 8.570848969212397250e+00
3.497943823162884769e+00 4.470865325881181462e+00 5.027058794279795073e+00 5.418861942820597299e+00 5.713925561889999116e+00 5.963435998778744640e+00 6.168144474365816698e+00 6.344435936509682961e+00 6.498825064733772194e+00 6.635069034997947313e+00 6.761785525578131839e+00 6.879894205479202718e+00 6.985841667769979502e+00 7.081446794607239248e+00 7.166295565816641400e+00 7.254752159574216819e+00 7.319059106979136864e+00 7.406441922581382897e+00 7.462444848305187506e+00
4.780147540506304971e+00 5.745705158733493079e+00 6.293317627059530572e+00 6.679464239762540778e+00 6.974539482363670828e+00 7.212815325416865875e+00 7.405871409638599800e+00 7.585669855670190920e+00 7.732917957326164604e+00 7.869867016008754490e+00 7.985291776948661102e+00 8.095862687675969838e+00 8.204372795134434071e+00 8.291062464592117820e+00 8.379565833637466099e+00 8.459609520019432338e+00 8.534582218787699404e+00 8.607266711323163122e+00 8.670488045361773644e+00
3.705644782540717053e+00 4.697052940386197584e+00 5.261753870746599837e+00 5.655614967510331326e+00 5.960909126295522498e+00 6.206259440802932126e+00 6.408095836103972154e+00 6.585866556400993943e+00 6.752785775445979688e+00 6.884565724249404717e+00 7.006740374680773265e+00 7.130171402077198017e+00 7.230020582627137316e+00 7.326716755352899568e+00 7.419776899871156850e+00 7.496676663512182870e+00 7.586650746474859375e+00 7.656661556010854852e+00 7.726501512184323239e+00
3.819841533905823372e+00 4.822511122984906251e+00 5.390860967064082132e+00 5.787428959562129549e+00 6.091908639420584137e+00 6.334844603245213257e+00 6.543205147049566683e+00 6.720315043915841891e+00 6.873689391799163495e+00 7.012474928191858581e+00 7.132179003831771169e+00 7.243547799515653196e+00 7.352648812298476777e+00 7.452133141910880276e+00 7.539280799410665423e+00 7.615390496974113077e+00 7.690571429165022899e+00 7.776326773935199554e+00 7.842833992513799757e+00
3.245873379203288778e+00 4.177642339617986700e+00 4.705498588868643139e+00 5.078088061621725657e+00 5.360906941410426896e+00 5.592029220575468251e+00 5.789471529276314143e+00 5.956854708913431828e+00 6.105067955444584804e+00 6.234477839889899009e+00 6.354978038904072868e+00 6.460376252630147142e+00 6.570657363347899960e+00 6.653200331816853108e+00 6.742703979893393651e+00 6.814750874751907439e+00 6.896816305648198586e+00 6.965553446798390169e+00 7.028767267451230261e+00
5.230877689817685194e+00 6.175114872808822319e+00 6.710909709222955044e+00 7.087588486373721963e+00 7.369356337122693112e+00 7.603332799155170463e+00 7.794354543217394848e+00 7.960521960998190316e+00 8.102992654111773163e+00 8.242026154961127560e+00 8.354325286261961026e+00 8.465695579457461761e+00 8.563709401960871048e+00 8.651028534783550938e+00 8.736395647947807319e+00 8.813848685787245785e+00 8.890487007317483759e+00 8.955127041814749944e+00 9.030014535549193866e+00
3.717694377973021602e+00 4.702822288724085809e+00 5.264569505526930371e+00 5.655306951791969183e+00 5.956919825511006295e+00 6.199097222682301123e+00 6.404726457370482073e+00 6.582284013278592028e+00 6.736801790525973388e+00 6.868872868688853828e+00 6.997860628309226172e+00 7.107873770893101018e+00 7.211781429373619545e+00 7.307532919214197342e+00 7.393476554007684776e+00 7.473963518084830504e+00 7.562679473749967407e+00 7.630596289819994382e+00 7.699830898259968137e+00
4.368661793300223195e+00 5.304010648779537540e+00 5.844337350032735579e+00 6.227857902937576462e+00 6.525706524380349371e+00 6.765110065350764756e+00 6.970937725551092257e+00 7.151711822213693281e+00 7.306381752329383694e+00 7.450239715099317372e+00 7.578700804618102360e+00 7.693976830855380200e+00 7.800428707875006751e+00 7.902471550880731499e+00 7.997016047357045743e+00 8.080459442879458720e+00 8.176058553879862245e+00 8.245680314424982171e+00 8.315363656163386352e+00
4.428024232159408768e+00 5.368963574983408371e+00 5.908370301545248005e+00 6.281073488700588570e+00 6.575032612677091493e+00 6.812524484010161530e+00 7.012379748368917198e+00 7.179236099641533642e+00 7.329028486826750566e+00 7.469526637305971661e+00 7.589754807050952401e+00 7.707257159481398112e+00 7.804080400760034841e+00 7.907904927070144474e+00 7.994371319239921725e+00 8.070831734698790783e+00 8.154865048212466050e+00 8.226271698682012357e+00 8.300401385383334940e+00
5.230245607897819227e+00 6.270485758006110188e+00 6.867819392851637339e+00 7.291603112992102176e+00 7.619526006471692980e+00 7.886721334094169755e+00 8.110483172778415906e+00 8.308253358321438853e+00 8.480753317104705147e+00 8.636843517014130001e+00 8.776881131425721350e+00 8.904572688140062198e+00 9.021331425182268049e+00 9.129506263865843962e+00 9.231611860357725519e+00 9.328152134727398348e+00 9.417255397350194457e+00 9.502508295112916059e+00 9.584190246090482646e+00
5.108966280225950563e+00 6.073177422955761351e+00 6.619154343659863216e+00 7.003340385392199607e+00 7.296982349365098486e+00 7.528333961487644999e+00 7.728293751191015915e+00 7.896549027128842546e+00 8.047833337350409622e+00 8.180949647821126547e+00 8.302407274588105679e+00 8.402134766847854763e+00 8.506628302475744974e+00 8.597572155675447192e+00 8.675477843182864746e+00 8.763028403448688053e+00 8.831941072495238743e+00 8.905243104242908103e+00 8.971834606147515601e+00
5.163486270160196234e+00 6.181829162627109575e+00 6.762174900134477973e+00 7.167460184986685690e+00 7.477990601390381187e+00 7.730249529694320110e+00 7.948237535359120365e+00 8.128956947925981780e+00 8.285721731470792051e+00 8.429732587693369084e+00 8.561091182058980564e+00 8.677360205458459319e+00 8.790291710956410043e+00 8.892978954154648008e+00 8.980724270979909107e+00 9.073216009719629938e+00 9.149485854460115419e+00 9.221582712492784495e+00 9.297294013472761520e+00
4.190327734955419103e+00 5.086871116574560148e+00 5.599597060847459673e+00 5.962058028019526112e+00 6.232182562898773703e+00 6.459816668285847108e+00 6.639654085406299089e+00 6.812359003652773026e+00 6.947610230367017081e+00 7.078718619301730186e+00 7.192157868213126193e+00 7.298429638120341068e+00 7.386885406361241024e+00 7.472124768376876780e+00 7.550758610342598764e+00 7.632768314261818787e+00 7.711259632416568088e+00 7.760497303541889380e+00 7.827486554901074811e+00
5.027082531565016055e+00 5.980015334545480954e+00 6.522491769364135550e+00 6.898169791076384172e+00 7.186532438280457846e+00 7.419670366120650229e+00 7.617710595377537253e+00 7.788374907182458173e+00 7.926088933722522434e+00 8.061646078559865813e+00 8.176170392493583350e+00 8.283290690436551529e+00 8.381981926574532338e+00 8.478366510095003861e+00 8.552190315212321536e+00 8.637381528953875787e+00 8.709655879793848143e+00 8.771106028270908794e+00 8.843679752546199424e+00
5.004823914985074396e+00 5.954021585684163398e+00 6.493774320841568581e+00 6.869367619809531256e+00 7.158661299816506229e+00 7.390253231237946530e+00 7.586230121522827829e+00 7.751040162583259452e+00 7.907768260930041926e+00 8.034731835325892746e+00 8.158869680595639551e+00 8.268072526187756566e+00 8.364482161621445755e+00 8.446417274730928071e+00 8.543749549436920887e+00 8.613435963448679900e+00 8.694971478250630881e+00 8.762323418523576990e+00 8.835901935145972885e+00
3.588077878562030865e+00 4.520503743667688035e+00 5.056237155838849695e+00 5.435015480096666352e+00 5.725593394785997603e+00 5.959635896627075269e+00 6.162416747554681606e+00 6.335505678124878415e+00 6.482447314456733167e+00 6.622225741869907090e+00 6.747677176260840959e+00 6.855811446171122370e+00 6.959856713088450775e+00 7.054354320248682697e+00 7.137492723769168101e+00 7.220066135216692160e+00 7.296767654888990151e+00 7.364215400805009359e+00 7.435142355913171741e+00
5.151461328252579186e+00 6.138603401937562154e+00 6.699542406617921664e+00 7.090930518623134837e+00 7.396216917383323874e+00 7.637132836525250212e+00 7.848140415080959720e+00 8.025884651835383465e+00 8.177442328652336556e+00 8.321382617898747114e+00 8.447199371909629662e+00 8.552198736739283547e+00 8.660427184291137337e+00 8.753325843224509129e+00 8.848272963904195265e+00 8.934221835977648851e+00 9.006440285187721884e+00 9.084698356680611653e+00 9.157283415996806397e+00
3.306201578465461477e+00 4.306948676692275768e+00 4.879465016321487880e+00 5.286419677163937791e+00 5.598940873598333923e+00 5.851009701430918142e+00 6.063715103629801817e+00 6.249817611627712211e+00 6.412834859929072984e+00 6.561337544510226216e+00 6.687695320773567431e+00 6.820085636272540164e+00 6.923122174867541112e+00 7.026241799684136424e+00 7.125182158588764914e+00 7.205597951070150664e+00 7.298280967694493526e+00 7.367238772484475895e+00 7.448660964505050330e+00
3.997365637810856853e+00 5.017190396497938742e+00 5.598779792106638453e+00 6.004229867154806222e+00 6.317562482943686497e+00 6.569984810130605979e+00 6.781681641229800661e+00 6.964721264378283649e+00 7.125437359621901834e+00 7.270760693639422456e+00 7.403847796847101925e+00 7.517776995422020825e+00 7.617086857157128854e+00 7.723903537516240370e+00 7.810764973735245142e+00 7.900169813473348235e+00 7.978556486231127565e+00 8.063198103698365315e+00 8.129983413574976225e+00
5.132298571741960025e+00 6.094349203247374724e+00 6.637723352054206494e+00 7.021273122021827184e+00 7.309115605182196163e+00 7.550020523562176678e+00 7.745991191075094484e+00 7.917777016774305565e+00 8.065414089215787286e+00 8.200810136015608265e+00 8.326753400894487456e+00 8.438777170341655420e+00 8.532119287626940718e+00 8.617719700641989888e+00 8.712490139994105931e+00 8.795683337811137648e+00 8.874189484427157382e+00 8.942990341989132119e+00 9.004240151030828088e+00
4.091989270672897305e+00 5.069917696688012398e+00 5.628383488283807523e+00 6.018347469626673885e+00 6.316807872515807887e+00 6.563984103992420494e+00 6.769576650571067056e+00 6.950230413339481217e+00 7.106079908964038516e+00 7.241302512094531352e+00 7.364488056823070394e+00 7.483943139164495939e+00 7.586763371219277019e+00 7.687285859785533582e+00 7.766830490542737664e+00 7.860093146597955105e+00 7.932476121946629100e+00 8.007333226113345859e+00 8.077166356776176670e+00
5.060014864729287076e+00 6.131950082402092939e+00 6.745218963738026652e+00 7.176371972087381756e+00 7.507973411512886663e+00 7.773621986486172197e+00 8.001601582567859694e+00 8.196744939401693131e+00 8.368296754199173293e+00 8.522069072448470450e+00 8.656256274842151655e+00 8.781688521472622355e+00 8.904019279667096498e+00 9.004246083650818022e+00 9.105941253660805756e+00 9.202783310174936560e+00 9.290374558053885679e+00 9.371466442624148740e+00 9.443391173455671250e+00
3.781810002407285154e+00 4.768003073196100061e+00 5.334970194545725519e+00 5.730925203587193373e+00 6.038378701783659430e+00 6.286725100691019641e+00 6.491866524828462381e+00 6.673941223207657814e+00 6.834239697934686220e+00 6.971817566169176139e+00 7.094534233955315905e+00 7.209262444994210206e+00 7.310558841807194064e+00 7.404126097413140428e+00 7.509153421130640105e+00 7.588602330245257654e+00 7.663925534801735218e+00 7.732553110624928117e+00 7.795674145743739736e+00
3.007107492105129953e+00 3.885991480221330008e+00 4.384489825100523319e+00 4.737525915030433410e+00 5.006032549422783084e+00 5.230301333188473123e+00 5.415237740381245501e+00 5.577063788645010511e+00 5.706395534977696471e+00 5.840269032176224506e+00 5.957318665591011531e+00 6.065609834768005193e+00 6.156585411738201508e+00 6.231316933187125429e+00 6.328114819680354053e+00 6.390474603662937625e+00 6.467588514504589270e+00 6.534791013937629955e+00 6.597985912843873813e+00
3.103029172561027504e+00 4.139692206030757049e+00 4.736578566159229453e+00 5.154942911054793520e+00 5.476850651215868560e+00 5.739981402482473349e+00 5.957647333489869190e+00 6.152243309658853576e+00 6.317590637129797848e+00 6.467387750593586837e+00 6.602161332946707262e+00 6.728165182542677591e+00 6.837203786222606716e+00 6.941382118516732369e+00 7.044432095716718578e+00 7.129454257025937380e+00 7.216338030070672538e+00 7.297456983460316238e+00 7.371890154093063252e+00
4.438301038118245501e+00 5.502157957292422630e+00 6.115405832256278984e+00 6.543377799073239132e+00 6.876103613719667607e+00 7.145359912225007548e+00 7.374600111213414522e+00 7.569600978204177544e+00 7.742035305532616540e+00 7.898666907081457467e+00 8.041054968580018780e+00 8.161721846675147773e+00 8.279746489771808271e+00 8.387234732211476640e+00 8.484883836087618647e+00 8.579557063645697923e+00 8.666673803297433309e+00 8.741992345622895400e+00 8.831227060534162732e+00
4.574272636347669341e+00 5.573399835188644680e+00 6.148041301524187041e+00 6.549364833606144742e+00 6.863324247927993227e+00 7.110483320512763328e+00 7.323421670031401653e+00 7.504948300645849280e+00 7.675045040310997102e+00 7.815709025591822900e+00 7.945501272481491739e+00 8.058441758052971693e+00 8.173826363868284872e+00 8.271065869110616475e+00 8.373235212499054114e+00 8.453693135389777069e+00 8.537665423012503751e+00 8.617349936019033763e+00 8.690702085634457674e+00
4.850983686050694743e+00 5.826069291433610964e+00 6.377671251343473457e+00 6.762643293814976531e+00 7.057875917482892447e+00 7.297744873069740734e+00 7.500856056810235373e+00 7.671613544320767808e+00 7.827251505717637059e+00 7.959067068788669985e+00 8.075347016593960703e+00 8.184882381581878974e+00 8.283625194694360871e+00 8.383524767306468561e+00 8.474213582841221282e+00 8.556296715025736077e+00 8.632171812299580083e+00 8.705791776145519023e+00 8.774723034603459482e+00
2.834218694054702503e+00 3.725513397473036115e+00 4.241651335177929028e+00 4.597578739203838971e+00 4.880515172074289865e+00 5.107236219944756073e+00 5.297719508200865235e+00 5.460878844957161249e+00 5.614007417668374522e+00 5.743808098300648979e+00 5.855516882106162946e+00 5.970782421234751780e+00 6.057912592578302835e+00 6.151109205548184633e+00 6.223726803351985915e+00 6.315863988627111958e+00 6.397178914989293474e+00 6.458915090547195703e+00 6.530903144363613855e+00
4.971778093632341466e+00 6.005197101329040166e+00 6.596483233233531251e+00 7.006548554284290020e+00 7.327378930368803722e+00 7.580946823557079384e+00 7.796458768180705157e+00 7.979857250217758491e+00 8.143290783724197013e+00 8.292537502568320562e+00 8.416334887009893961e+00 8.537025225817354013e+00 8.643800125943437607e+00 8.742194798413510881e+00 8.841429646519189944e+00 8.923770358588331675e+00 9.014550923595212595e+00 9.083844828914429570e+00 9.160052549868508365e+00
3.234661943570584786e+00 4.209685195286557935e+00 4.769649077106678625e+00 5.166024683367250958e+00 5.472034159207993298e+00 5.713559917502398555e+00 5.927899482747493565e+00 6.108470016998778007e+00 6.267619162161270019e+00 6.412470172786553846e+00 6.537276931411000191e+00 6.659924605822411081e+00 6.772568167446975984e+00 6.873693454123920965e+00 6.961563891511707070e+00 7.053919441247051836e+00 7.143344615619064086e+00 7.201367102661899722e+00 7.284165953332644605e+00
4.707577997367558886e+00 5.697460811791025925e+00 6.271386337687262724e+00 6.675778521897198559e+00 6.993561509519865993e+00 7.251621390604086059e+00 7.465216579216512827e+00 7.658321213820806328e+00 7.824885816175619624e+00 7.972357859478417019e+00 8.109761632383413854e+00 8.234716481620694140e+00 8.346371161374607439e+00 8.452620560093720314e+00 8.553908448751151639e+00 8.645911217722554554e+00 8.741244027711786657e+00 8.814758341330000135e+00 8.898699072569296931e+00
4.874699101675819435e+00 5.887400044966140555e+00 6.467368004855383212e+00 6.871806210837611673e+00 7.189382052878126927e+00 7.447122511898536246e+00 7.662492251261332932e+00 7.841929272791693606e+00 8.005151902991746837e+00 8.151679891544622691e+00 8.285031245635186892e+00 8.403826016287409217e+00 8.515655914110851654e+00 8.618865763367976385e+00 8.708958912726505019e+00 8.795636813064241721e+00 8.879736580275192637e+00 8.957175031066162418e+00 9.038441202021436638e+00
3.510375937192752982e+00 4.511671234930290986e+00 5.082900018542792608e+00 5.486856914903339266e+00 5.795882329700514646e+00 6.049198218701446805e+00 6.257978240688276905e+00 6.438311350825243196e+00 6.604373089830531285e+00 6.748428632529667404e+00 6.875932519436296353e+00 6.995806794428987452e+00 7.105660066861989144e+00 7.198722729923701991e+00 7.295617470163036522e+00 7.381819235551163594e+00 7.469956163062255960e+00 7.542928402369732055e+00 7.613173041035526722e+00
3.902884443977188145e+00 4.828415269783364216e+00 5.357644579919607075e+00 5.726257329108187299e+00 6.014349541150197709e+00 6.250135187035678719e+00 6.445771059489597832e+00 6.608622193029777492e+00 6.762226538992864633e+00 6.891747466129047872e+00 7.006508710117893557e+00 7.123448385613330380e+00 7.223183324453358090e+00 7.309663897761264018e+00 7.395124187837902596e+00 7.477599269398928605e+00 7.553605011693553806e+00 7.616453408431802075e+00 7.698297879309004443e+00
3.715167811849946489e+00 4.695596989047599479e+00 5.256165874807209981e+00 5.643826009071961636e+00 5.946262407279850670e+00 6.191723861745845880e+00 6.391347165871494873e+00 6.568432595150873077e+00 6.725827339625045198e+00 6.856129233916170129e+00 6.979578957898786129e+00 7.095545916594232949e+00 7.197064726621588804e+00 7.294228861789960661e+00 7.390012678534199075e+00 7.459321254640426169e+00 7.539020132552502140e+00 7.617453474720933038e+00 7.684525895269626261e+00
3.176964730829682448e+00 4.160426228821273220e+00 4.724085050802139918e+00 5.124690779750578962e+00 5.432892869093556065e+00 5.687292971583515211e+00 5.901180001802636355e+00 6.082737136431686231e+00 6.244882010099763292e+00 6.390789682157043572e+00 6.524234544950084036e+00 6.644984124004461812e+00 6.747850870995762307e+00 6.863419106940983561e+00 6.946689145786802300e+00 7.040013837936608176e+00 7.131127095415267902e+00 7.202564826841522994e+00 7.283453232020827173e+00
3.536925783761258213e+00 4.433703110254786139e+00 4.946928556864660820e+00 5.307672418013510196e+00 5.584476007534930453e+00 5.808631680584901424e+00 5.996087289572701984e+00 6.159444869433008840e+00 6.307689514670847153e+00 6.434999271513682118e+00 6.550376584074949271e+00 6.651869630775982145e+00 6.749881297833749905e+00 6.839055663400031904e+00 6.938492514194087413e+00 6.995405361656518828e+00 7.071687486247252963e+00 7.136917690827473848e+00 7.213558204271314445e+00
4.910640183322939833e+00 5.850503009766380380e+00 6.386206617739942359e+00 6.757049446639031842e+00 7.040059156640783300e+00 7.273791119924392312e+00 7.468320784917777289e+00 7.637046635128393213e+00 7.778591594753170746e+00 7.905089020268918354e+00 8.029002358275503681e+00 8.129801808456981860e+00 8.232481555840234222e+00 8.321643996938146159e+00 8.395970732788779145e+00 8.480711112586051925e+00 8.550493110154798515e+00 8.624535964174102176e+00 8.686811852031118164e+00
4.916786886256582889e+00 5.879488158544623033e+00 6.424889062906954607e+00 6.803613042239510911e+00 7.095127723414343279e+00 7.329685701519205843e+00 7.530554770765414574e+00 7.697599472626046158e+00 7.850188438923536793e+00 7.989125648351854458e+00 8.110925342892139511e+00 8.216495720508838474e+00 8.316441776380450790e+00 8.414644264887266800e+00 8.501187316973229713e+00 8.580093116155694588e+00 8.657908836208587644e+00 8.730999642177065923e+00 8.811316094293676571e+00
5.301332843849261067e+00 6.343251113957468768e+00 6.939801446485620140e+00 7.354911665997568626e+00 7.672257030980740744e+00 7.932870802471622795e+00 8.153213452158750485e+00 8.341137283571859129e+00 8.506957120043757925e+00 8.652028128200218049e+00 8.787303693507352520e+00 8.908675471623103803e+00 9.020224908207348236e+00 9.119817668489867302e+00 9.213554329418029099e+00 9.306617889747329286e+00 9.390033068757430712e+00 9.466313469293426763e+00 9.548356418758313424e+00
3.899399145773027708e+00 4.918252752507886072e+00 5.500911436527765375e+00 5.910259098558472424e+00 6.222629526586795912e+00 6.479529415933474645e+00 6.693983540876480731e+00 6.878514766514332912e+00 7.042671973937359553e+00 7.183162349338011232e+00 7.309564838011390009e+00 7.433768075359104444e+00 7.540114239344502423e+00 7.643779202122320093e+00 7.736171521046271593e+00 7.820413856528102947e+00 7.904389391955888300e+00 7.978811521794728634e+00 8.050618004267480643e+00
3.281402110844834574e+00 4.231282943980324340e+00 4.779700290467631341e+00 5.172321907008136321e+00 5.476791363135409263e+00 5.715875477694588369e+00 5.932157667259910561e+00 6.117988765443752364e+00 6.269132657839086242e+00 6.420806742851207005e+00 6.551906638477840161e+00 6.673194487748476789e+00 6.792145388920790339e+00 6.894300966425859656e+00 6.990333235584744287e+00 7.084355515998168151e+00 7.165338552471399503e+00 7.246099097178603010e+00 7.320958262559228658e+00
