6.562456762424971224e+00 8.675168386394119580e+00 9.894498786448085781e+00 1.076981484265555089e+01 1.142941927350696041e+01 1.199516054398665688e+01 1.247521230895186228e+01 1.285284853386582959e+01 1.323875199678038506e+01 1.360074603205069188e+01 1.387801680507536339e+01 1.414738616563373519e+01 1.432916358670406609e+01 1.465751751032897943e+01 1.481579960444064170e+01 1.498718328244135378e+01 1.517342736505463030e+01 1.542006377644585591e+01 1.557144113369189142e+01
9.088499229781053401e+00 1.131026803494524025e+01 1.258893198879433584e+01 1.348705633344885335e+01 1.419006993238615699e+01 1.475722162502722057e+01 1.523116385834706321e+01 1.563803906830330170e+01 1.599716117558658723e+01 1.633003391947929828e+01 1.662215486690362098e+01 1.688390067211430434e+01 1.713643361719229574e+01 1.734345506888497113e+01 1.756294682953610575e+01 1.776291755319708798e+01 1.794144048230297273e+01 1.810866623283178356e+01 1.827304825113635545e+01
8.538405636397452980e+00 1.087743050775078402e+01 1.223921626447904565e+01 1.320674635589094059e+01 1.395669279001514695e+01 1.457851802382136164e+01 1.510388659747238549e+01 1.555843549069463450e+01 1.596271178733106666e+01 1.631325677783010519e+01 1.664600983237457399e+01 1.695254305749606871e+01 1.722058448630208360e+01 1.747716203775025079e+01 1.772052440310523380e+01 1.795052942381829908e+01 1.814226250336348301e+01 1.835979875149089580e+01 1.853980736948491881e+01
1.196291080557471886e+01 1.431873011135278517e+01 1.568860819345834656e+01 1.665783697085650061e+01 1.741616025634677101e+01 1.803258748195979422e+01 1.854562661301961413e+01 1.900100636766227424e+01 1.939205978752329784e+01 1.976046278281177848e+01 2.008542155318764344e+01 2.038105875910205000e+01 2.065348822191672085e+01 2.089639614769665243e+01 2.112918820874872949e+01 2.135730572373857328e+01 2.156743500067351960e+01 2.177293183484816197e+01 2.195724201809205667e+01
1.035190492777960003e+01 1.262118442003772145e+01 1.394381955710661281e+01 1.488192720249218226e+01 1.560800160575942286e+01 1.620027614327802823e+01 1.670559220806526213e+01 1.713857924109386133e+01 1.752875478328839876e+01 1.786998867841412064e+01 1.817329969273995260e+01 1.846340880942036833e+01 1.872174806937119840e+01 1.896360675484294944e+01 1.921222282293619088e+01 1.939921437467775434e+01 1.960699849304376485e+01 1.981065121495388937e+01 1.996265917946875845e+01
1.051762493779454211e+01 1.276471747500341536e+01 1.406203439379543418e+01 1.497455769037712869e+01 1.567562727593438865e+01 1.625372358748043311e+01 1.674504103392769494e+01 1.715563268079467818e+01 1.750871091474721197e+01 1.785184690834976351e+01 1.814327992451735838e+01 1.841724105476257023e+01 1.866189122549906187e+01 1.889808081008014540e+01 1.912086091025581425e+01 1.928824052963683044e+01 1.948642985882921863e+01 1.965750138101775590e+01 1.979400524083331092e+01
9.478289723168900949e+00 1.165548446280530115e+01 1.290483363303829911e+01 1.378580900811936338e+01 1.445678939637183191e+01 1.501659178032216602e+01 1.547228143836402836e+01 1.588255743513413165e+01 1.624163598753652948e+01 1.654648818268140786e+01 1.683823786874485506e+01 1.710971184520682087e+01 1.733434290911608144e+01 1.755177746616808321e+01 1.776185976771028052e+01 1.796713959222820733e+01 1.814227089093339984e+01 1.831189265042017666e+01 1.845465713054709767e+01
8.848139554350451519e+00 1.097594656136456415e+01 1.221461791432035504e+01 1.307158074719454000e+01 1.376127381746383094e+01 1.430862539030155389e+01 1.476848663739277434e+01 1.520885522409563961e+01 1.552377100498834217e+01 1.588006575299261591e+01 1.617777367355362728e+01 1.640116382493724956e+01 1.665123481883934176e+01 1.689846036172131249e+01 1.710272077692975046e+01 1.723312065432678608e+01 1.745371873784052497e+01 1.759763077113929697e+01 1.777567780273871278e+01
8.348290750685919193e+00 1.048112630463130657e+01 1.171511677501636761e+01 1.256966244052573956e+01 1.323427583044840716e+01 1.378411841497474200e+01 1.424832370987374830e+01 1.461343771630244248e+01 1.495852286550239540e+01 1.528598031427075377e+01 1.556122355880577146e+01 1.580149074147732691e+01 1.605724769143448682e+01 1.626703121488472448e+01 1.642368168545522522e+01 1.661502814061629607e+01 1.677622517493156451e+01 1.695542648058255963e+01 1.708747362806931491e+01
1.088355294553037389e+01 1.314484179199514990e+01 1.444232605319786344e+01 1.537139126236517761e+01 1.608274165113624576e+01 1.665808369263254463e+01 1.716900968269511196e+01 1.757672860683170057e+01 1.795784352741499390e+01 1.828958348776481913e+01 1.859838313348184968e+01 1.885675697218279367e+01 1.910498318238312265e+01 1.935502947047113764e+01 1.956365859042740496e+01 1.975067450528546686e+01 1.995427407013103149e+01 2.011211525218825358e+01 2.029203678809482980e+01
