4.666636441903282417e-02
4.100542227702119735e-02
6.140803166016962911e-02
3.105640876284279650e-02
2.517821337813916718e-02
3.907579559036630096e-02
4.976974830516928128e-02
5.645146380286939630e-02
3.769993416822097626e-02
4.202708962221904376e-02
3.434539257466547035e-02
8.068305825512310861e-03
1.644143336024189023e-02
1.204359550745481497e-02
3.472049621729363100e-02
3.477441783415535781e-02
3.553773298096876004e-02
4.320357513358772522e-02
2.280690927679822691e-02
3.412656878346408129e-02
7.113405715907328286e-02
5.143847300214163254e-02
1.961327282621005627e-02
2.728599869848686438e-02
4.523376558512856582e-02
2.362707419614046983e-02
2.035302330490320472e-02
2.011227662339660008e-02
4.027464685010896661e-02
6.848129115768411546e-02
6.198827383881828218e-02
3.722725088662262594e-02
2.723396898305462457e-02
1.768214497388475442e-02
6.097048639408041842e-02
2.212596225668891220e-02
3.529895519613904242e-02
1.584681532866484555e-02
4.222015065876730255e-02
7.369115166896693381e-02
1.640143054265314621e-02
1.725969568217425310e-02
3.573112564533470481e-02
5.601201541680767004e-02
6.572670552325486637e-02
1.036615175778336610e-02
6.628864102434696426e-02
5.339635294192445619e-02
3.184101876834695422e-02
3.317867263373504294e-02
2.080417099178449511e-02
2.440430412521137765e-02
5.732904774531952241e-02
5.794938710109397151e-02
2.667196188246391889e-02
6.997194313966492718e-02
1.951190768951077681e-02
4.986029884616787616e-02
1.018797440850007299e-02
3.219518016550538403e-02
2.828397711075017820e-02
4.755884196893523513e-02
3.623775635493262093e-02
5.899002707944539514e-02
4.059490843951908678e-02
2.935231821458895995e-02
5.042101142864576641e-02
2.589162130396843037e-02
5.759490966902200415e-02
3.024905034000402448e-02
3.897632918270405034e-02
9.466923905878998902e-03
4.958796151285734671e-02
3.748184923081369913e-02
1.210321524722730857e-02
2.023940206515404544e-02
6.275920425817331505e-02
2.104752946143951392e-02
4.476099440846580124e-02
3.598289541561704163e-02
2.764522290599088702e-02
2.256328898836065452e-02
6.709649841147308225e-02
4.385256042719598568e-02
6.153287987136216858e-02
9.661812021595829816e-03
4.851162949990571460e-02
4.121536964240066214e-02
3.522554431415454712e-02
4.395635716791458647e-02
1.703250669855553567e-02
7.978322912689652519e-03
3.615758994885450578e-02
1.653655275781964334e-02
2.308388659611341001e-02
8.870441016655119734e-03
1.633457339261545904e-02
2.322795636726945889e-02
2.261888065441917950e-02
6.832987571933316073e-02
1.817176719429255613e-02
3.794394020235422604e-02
5.085130569183071714e-02
1.300609527221966571e-02
3.938526821038414866e-02
1.677931698469559835e-02
3.789415754501197775e-02
2.503066332496691263e-02
3.213146813356876352e-02
2.340752223733246276e-02
2.074814021247139290e-02
1.114345955238680262e-02
3.511117764604640423e-02
5.766963703536732294e-02
1.925774911148241467e-02
2.554303773393146876e-02
7.127673067745290969e-02
3.862636659290465124e-02
2.881908706229732026e-02
2.408885287677887607e-02
3.781477939353974221e-02
2.334894417398674857e-02
3.754975860688015282e-02
3.518410998316460342e-02
1.818646923169847315e-02
2.978679702449313002e-02
4.579942149698151138e-02
7.235767363571703192e-02
5.120580286323614394e-02
2.159189214541122961e-02
6.644949724898048526e-02
9.028008957036405546e-03
2.917686490318614073e-02
3.911720542668402356e-02
5.713869354543427842e-02
3.788821558194421790e-02
3.464089246199682226e-02
5.008950415041592275e-02
3.071393188758334350e-02
3.167277814886711867e-02
9.808331400106113165e-03
3.932406114123807028e-02
4.252003070430328269e-02
1.336382632329699907e-02
1.093911154673750386e-02
2.861639970044653480e-02
4.165972262111666824e-02
2.628318563637951563e-02
2.573298714887130995e-02
6.754755773406097286e-03
5.779575343564179873e-02
3.163601444422479980e-02
7.402346097831606631e-02
2.024831136321090727e-02
5.516680685215021723e-02
1.946766556310547749e-02
6.135724428348965365e-02
2.262519907709939493e-02
2.976696703746736783e-02
3.885969884809039460e-02
5.356128765909913547e-02
2.197071522514674677e-02
3.272229949141128302e-02
3.990710732851390774e-02
1.468119567044096248e-02
2.434801821645056139e-02
3.869886302374235532e-02
3.538337534826059561e-02
4.868073422434611441e-02
8.677760107849598684e-03
3.099645398957045703e-02
3.100127271395422199e-02
1.469165328471393368e-02
4.102526352481224159e-02
3.026455722352652811e-02
5.577249529739625178e-02
3.675965923065108165e-02
3.501762177155342409e-02
7.563516946524211082e-02
1.659673101702894421e-02
6.800983837549732722e-03
3.689618301410976797e-02
5.914931747663614015e-02
2.551786204675347142e-02
4.123091254962445162e-02
5.905692196634460163e-03
6.032465048233180693e-02
2.479387689156183072e-02
1.661100122181144792e-02
3.770832030994812623e-02
3.580589689742943310e-02
1.189968666717301955e-02
3.125582170358612299e-02
2.411674360096341743e-02
1.044275348370927309e-02
2.819437199704661473e-02
3.611025701936844412e-02
6.548677472207424521e-02
3.602949360957333896e-02
1.280242866510425057e-02
