4.985672516868316362e-01
5.952267877875919710e-01
5.428986081428851529e-01
6.755593540333822977e-01
6.314965509118098952e-01
5.355576382358370191e-01
5.409331416104833368e-01
5.674995659580952534e-01
5.583705945864718689e-01
6.144829446230338776e-01
5.180017881306235861e-01
6.527296349835249867e-01
6.236504268791486227e-01
6.432226448137817743e-01
6.105910105420935263e-01
6.460665178151067112e-01
6.431237152566882109e-01
6.587851278675738165e-01
7.014343048380388135e-01
6.574856955530224978e-01
4.551042157631127738e-01
6.386653068930381316e-01
5.386118606869164660e-01
6.334047947626963992e-01
5.015458836078359184e-01
6.478482535342451332e-01
5.907997625577731116e-01
6.642998280051312099e-01
5.633148554550219123e-01
5.210903796947103928e-01
5.611985880552787798e-01
6.510574909618270789e-01
7.011485457808359634e-01
6.070799845635076464e-01
5.530911888867261483e-01
4.902903452543854734e-01
7.044266735145378044e-01
6.123477336241780478e-01
5.694012803586292470e-01
4.619458004048797584e-01
7.033475159550961475e-01
7.630295680861630681e-01
5.637959742026250609e-01
4.654299661515452491e-01
4.649509294186957575e-01
7.229435810240151250e-01
5.390321995913982533e-01
5.036667010562498881e-01
4.977890296667881742e-01
6.854002083097716636e-01
6.666518085198127608e-01
6.996575725980354044e-01
5.197563572648573604e-01
5.006087372757141996e-01
6.151794867774251774e-01
4.833280858437214444e-01
6.233710866561257280e-01
5.763058937338747523e-01
5.752660239203107873e-01
4.889529492910982822e-01
6.649422000891105355e-01
5.693808389959603700e-01
5.450584414328861760e-01
5.563122304469321211e-01
5.463191347199982673e-01
5.371395171385411338e-01
5.777858902582270195e-01
6.389501481646737702e-01
5.852163432655049791e-01
5.770534820950002919e-01
6.622788705848028368e-01
6.330404354605924100e-01
5.692008993097260605e-01
6.764821064514715543e-01
5.479326790251942692e-01
5.830342414242823956e-01
4.611309564336585343e-01
5.472002587195187173e-01
5.894941487920309919e-01
6.435192135822525028e-01
5.351853004434494743e-01
4.833513134723569360e-01
5.390318392937751835e-01
4.787713553724277094e-01
4.826600108768969721e-01
7.296503022214422263e-01
4.771861688155172310e-01
6.493482232615183092e-01
7.171690008668959448e-01
6.035624916054790345e-01
7.128832820024906258e-01
7.314315227005768749e-01
5.633534544393385968e-01
6.121781180262779731e-01
7.540239722998968164e-01
6.084476050242371148e-01
5.801538968995543222e-01
6.145699272239264488e-01
5.374956358224142194e-01
4.779675491402906595e-01
6.128875060814786835e-01
6.654760615334032181e-01
5.028827702520539678e-01
7.640574046702091060e-01
6.631533867482732880e-01
4.958596520661242013e-01
5.597306266654324958e-01
4.883178685933362573e-01
5.579228808102695281e-01
7.080090411375883352e-01
4.832654605337768361e-01
5.720551046351080027e-01
4.819493435754473865e-01
5.054975312848584146e-01
6.192432594196846107e-01
7.247321925662892905e-01
4.719330859923548394e-01
6.488176107582107610e-01
5.558338567757517001e-01
6.657462762853532112e-01
5.198628120243566908e-01
5.284950070040248526e-01
5.675640648979920488e-01
6.933018396658083837e-01
6.958405257817854572e-01
5.224555936933413802e-01
4.871475711881542159e-01
4.864561609362589856e-01
5.814093506320406890e-01
6.169577519232243290e-01
4.554189212680970211e-01
5.354789598299731779e-01
6.056040300932801212e-01
6.072728621440647290e-01
4.921250972941206281e-01
7.269802484662530873e-01
5.778986871066550401e-01
5.547378082737683958e-01
6.742744057589052931e-01
5.562561239177787886e-01
5.727960553661940457e-01
5.585074419777552590e-01
4.739104489505728823e-01
6.885388774737508655e-01
6.474558060689907801e-01
6.309857349793223102e-01
6.145569059667237433e-01
4.959012963487555159e-01
6.767925407019976802e-01
7.023028904990912258e-01
4.697427203091475989e-01
5.829290753543685533e-01
4.003695675919542452e-01
5.755332780963539063e-01
5.583605576450876296e-01
5.389534334831702633e-01
4.820939521934346494e-01
5.757526941342087090e-01
6.466167186606365247e-01
5.994088509598078929e-01
6.249893950703765411e-01
6.979016115313227964e-01
7.244186239043466369e-01
6.259263982788098035e-01
5.522641007018505022e-01
6.516508489960997075e-01
4.505536065175407279e-01
6.771652768040643533e-01
5.585822305726734216e-01
6.925590029133443792e-01
6.961732536326198373e-01
6.997559714645941176e-01
6.174421478979137401e-01
6.100441550670917534e-01
5.202008198136938155e-01
5.722277283658969704e-01
6.834796085605434612e-01
6.162854869237123223e-01
4.726481199926726440e-01
5.301949942640928892e-01
7.255429079553394889e-01
4.770813211667950249e-01
4.554018394303698813e-01
5.227942343277689474e-01
6.667925928897371346e-01
6.507474838980725762e-01
5.451691186826671531e-01
5.545127226680444110e-01
4.636109348222557380e-01
5.278450642079199895e-01
5.453630524782286937e-01
6.496796818512661220e-01
5.996080766602073231e-01
5.224011598235471787e-01
6.918395635053672388e-01
7.184035330284587184e-01
6.855312249844096595e-01
5.333218401702254363e-01
5.180584773451906155e-01
5.131068696632417048e-01
