2.461771319013961801e+01 8.905874213937363740e-03 2.842567570379873843e+00
2.422557792963885248e+01 4.008814749372241470e-02 2.681152449789586889e+00
1.041282517672946284e+01 4.463707546536028331e-02 2.732468872009152783e+00
1.414009340937909265e+01 1.024920319241217140e-02 2.677990996624616038e+00
2.982297701928208511e+01 5.261786268903122059e-03 2.806326841266128191e+00
2.499077812379129782e+01 4.332087395270822761e-02 2.842304379891536836e+00
1.554805527600776571e+01 4.422833221050232605e-02 2.630672981411955380e+00
2.446760120312202602e+01 3.428850183776246952e-02 2.792270504534065445e+00
2.908761181075758984e+01 2.942094398087565996e-02 2.789167908293842313e+00
2.451321894276327384e+01 3.100645106319123781e-02 2.888630964460272565e+00
1.344151323183105973e+01 1.212153935706410460e-02 2.757801712977822728e+00
2.431883826886258859e+01 3.109069094825618260e-02 2.943542489356142600e+00
2.296659345757946014e+01 1.841238719638438326e-02 2.686276880741336637e+00
2.834597816713109708e+01 1.018304448015730501e-02 2.823741229047369128e+00
1.478062979669743804e+01 3.900299677162518547e-02 2.634238578407626985e+00
2.309008048830708049e+01 5.214026424466573079e-03 2.782154410923650456e+00
2.408144849399608489e+01 4.670903929156648010e-02 2.616905240827350543e+00
1.571835895108482539e+01 3.592318129885133104e-02 2.715369437163790867e+00
2.336739596714723888e+01 2.736983503202187681e-02 2.847508156849969829e+00
1.385711940609929371e+01 3.759933558733767611e-02 2.847397162693967587e+00
1.052606038376004705e+01 1.241795757892255082e-02 2.773411686717957014e+00
2.462938810179218763e+01 3.901663545982442249e-02 2.744324845341707064e+00
2.575203336108294394e+01 3.635804544214575607e-02 2.762618989636244748e+00
2.352615465466339373e+01 1.515428435140035723e-02 2.774050594307047479e+00
1.834262645821360138e+01 3.519145253382355981e-02 2.899603173272201850e+00
2.169107314350235072e+01 9.650858147094213552e-03 2.627357818454521432e+00
1.459291378791043670e+01 4.587612066655423482e-02 2.637336598214612415e+00
2.296453669255521746e+01 6.864783724937179032e-03 2.910847497793787930e+00
2.838202737110704987e+01 3.882777850669536651e-02 2.731189964154403960e+00
1.679365564006063494e+01 3.979040197981769528e-02 2.632195417086250711e+00
1.513595400626338083e+01 3.782254683916810162e-02 2.686320314733547043e+00
1.043709689983021427e+01 4.760728892468320261e-02 2.816403809248293921e+00
1.975591856642852306e+01 4.253355440189534459e-02 2.877075326173650360e+00
1.640786531471635001e+01 3.354635626062886511e-02 2.875321877610975019e+00
1.036668299167154750e+01 2.667346074150031207e-02 2.943912492319236129e+00
1.509662203867040198e+01 2.248194413919296294e-02 2.783876308399312549e+00
2.191367322196923340e+01 2.618504262562548757e-02 2.791314607658475833e+00
2.662209780717530805e+01 4.207198762785492596e-02 2.840798138291408481e+00
1.740904540919497379e+01 4.590423505672984461e-02 2.909240195591651812e+00
2.745531673539968764e+01 4.772754040945900028e-02 2.787517716771843901e+00
2.741106301175641846e+01 4.452805746465434561e-02 2.658332685664607897e+00
1.996729830292624897e+01 8.031930339370229460e-03 2.651033878102976971e+00
2.333005960252616262e+01 2.502925094316389709e-02 2.648683303846513404e+00
1.245378805433487557e+01 4.295888962656454341e-02 2.876389441407170011e+00
1.118327522984661115e+01 4.946629187230235092e-02 2.708331081813568630e+00
2.432904005399365488e+01 3.299728620273825047e-02 2.807946971938079628e+00
1.449120758625650396e+01 4.971256090865729116e-02 2.862956398305204431e+00
2.527935667755025406e+01 3.539968126946492488e-02 2.827847146459876004e+00
2.319234364644784563e+01 2.365298925286499904e-02 2.925930193437838334e+00
2.805680244721433425e+01 1.608054046059843173e-02 2.738550434198658401e+00
1.980054208361006474e+01 3.150952951595930446e-02 2.730615845789636786e+00
2.873435848154120009e+01 3.629193223481112784e-02 2.650337395004672469e+00
2.600545431863997337e+01 3.387849734837646010e-02 2.745429844734148972e+00
2.242066813391080160e+01 1.630974478267306280e-02 2.705033770229749113e+00
1.241868245224030431e+01 7.891458010659338496e-03 2.826408389718971126e+00
1.641880968542803032e+01 3.039730715779275297e-02 2.934223885304765744e+00
1.978438685819748244e+01 2.564667215570910763e-02 2.826116765199123915e+00
2.993867288895249601e+01 2.951831802559445536e-02 2.861250130674821701e+00
1.493960452286562912e+01 1.473425513989115934e-02 2.832365904699086112e+00
2.995440322680421019e+01 1.038841575968993229e-02 2.947764634978719211e+00
1.773026845269514951e+01 3.299697619037375573e-02 2.719340209014842191e+00
1.062171811048527026e+01 3.345375595488388198e-02 2.682771005632600403e+00
1.517918702689272692e+01 2.368032608852263521e-02 2.692283667783929690e+00
2.234630019455866901e+01 3.612958465165548583e-02 2.743568713284293636e+00
1.363720981727271564e+01 3.247538675523140711e-02 2.695403639412956132e+00
2.317112807728623736e+01 4.597764429648230206e-02 2.656180943758346125e+00
1.638579601711523281e+01 1.541822731607577282e-02 2.642244849792668493e+00
2.526590348691637544e+01 3.849379348442804466e-02 2.786973799520070738e+00
2.128366352732774658e+01 6.551734171643348870e-03 2.701775320238024136e+00
2.016316618258171900e+01 2.222374911461821520e-02 2.848795778684799718e+00
2.990236130027249217e+01 4.125759554599049694e-02 2.644395428079467258e+00
1.948699039901638486e+01 3.353737515359167531e-02 2.898738412863813174e+00
1.457599435804514343e+01 4.239570220355343838e-02 2.827472428456669018e+00
2.305391622825750630e+01 3.766478461718274912e-02 2.791750680105314686e+00
2.471689706266768383e+01 2.665861847200138093e-02 2.912008259903369201e+00
2.935933399217659456e+01 2.946461118617428251e-02 2.886259774317871063e+00
1.940452806259143159e+01 1.791317509809112543e-02 2.891607248072662006e+00
2.956228946232319288e+01 3.851272748327535383e-02 2.826017465843051024e+00
1.036364175525105225e+01 7.006904569616613856e-03 2.735887451874257081e+00
2.763556527248938011e+01 4.704403876550201924e-02 2.715834094211003080e+00
2.386238593009567666e+01 1.048742885201035986e-02 2.872497842979834015e+00
2.663742313715778209e+01 3.218571921826406113e-02 2.769356286867630246e+00
2.457221217371948896e+01 2.685563143772726896e-02 2.744453349196604552e+00
1.233456251132353465e+01 3.286626990006293048e-02 2.808389279281763518e+00
1.454939545797338596e+01 1.060307505411762705e-02 2.802069759664138182e+00
1.391834199872077527e+01 3.440659904674156500e-02 2.786636834016503972e+00
1.271938586741332600e+01 2.409428363186550542e-02 2.824961007073959696e+00
2.544671771291334750e+01 4.237897708817216225e-02 2.821363390204428168e+00
1.436911820571131138e+01 1.875474768777331269e-02 2.729080870817953919e+00
1.243235141866204074e+01 1.273075746160133928e-02 2.623972569535689914e+00
1.267738321510147870e+01 1.438281553578494784e-02 2.838741327298524464e+00
1.737192370735326818e+01 3.679348737566408983e-02 2.949157427206885895e+00
2.465086776936087887e+01 7.776511310225785872e-03 2.867639133368186766e+00
1.429867771587473513e+01 1.121840606537612833e-02 2.630338555700811654e+00
1.715491485662619908e+01 3.687931516974877338e-02 2.745830994809065118e+00
1.653705787886818612e+01 4.602401654026783140e-02 2.606591252003467751e+00
2.894810371403915639e+01 4.997918416003076236e-02 2.689832918462796041e+00
1.637625948667906783e+01 1.725479507103927848e-02 2.701596272016266731e+00
2.195742183130072078e+01 3.366045497077053972e-02 2.893957744223905948e+00
2.311157887855460302e+01 2.157081175170838527e-02 2.733607376307355175e+00
2.423947341438480407e+01 3.470213127258343910e-02 2.837034117110280196e+00
1.959741769275210288e+01 4.813907981177618922e-02 2.926677388206508912e+00
1.135924158223249592e+01 2.831663069496172941e-02 2.947093370826278758e+00
2.922032509383820198e+01 1.694118859572644326e-02 2.759690067320590856e+00
1.140149989970486821e+01 1.753108311506399244e-02 2.625545668588537662e+00
2.284908530723071607e+01 2.007988787255690633e-02 2.798713542662666143e+00
1.848878244986991959e+01 4.592102611841174242e-02 2.940753162420651989e+00
2.544592883617725221e+01 4.654336360259059974e-02 2.718409212754900217e+00
2.890111954776209657e+01 2.272376282010709486e-02 2.753206757928524429e+00
2.678702275032215496e+01 7.110453837934477966e-03 2.682740808221895534e+00
2.289272060010090826e+01 4.343653634125489715e-02 2.626328407930722086e+00
2.415678006700994018e+01 4.626453132726170842e-02 2.810575725873261543e+00
2.755346569895272069e+01 2.634211181460339654e-02 2.891688471265834171e+00
1.089454160566170771e+01 2.525747235696439857e-02 2.836089137520559689e+00
2.788001921983650533e+01 4.539363270999744598e-02 2.775091218949328642e+00
1.083125533186757039e+01 4.028663063702844077e-02 2.889035590608059589e+00
1.217561908006998195e+01 1.973260978460521231e-02 2.874544115008784928e+00
1.191914083946636893e+01 5.518787936485788914e-03 2.639326109557377897e+00
2.210038254859440343e+01 1.380989432678197612e-02 2.664096248897665387e+00
1.418191710807047201e+01 1.477404673976647279e-02 2.852574532144632968e+00
1.366421186706939750e+01 3.366444762100177790e-02 2.822157903508350607e+00
2.258170333523449003e+01 2.872451158213710012e-02 2.764968338353904986e+00
1.061723965126215319e+01 2.272181903165988726e-02 2.687595844698846825e+00
1.319999726578592991e+01 4.937538117808878274e-02 2.898955374808202645e+00
2.557112175601827886e+01 4.886575413792707684e-02 2.732731322740130420e+00
2.455539286391708131e+01 4.972880355057557322e-02 2.609914737362346582e+00
1.575306419108184386e+01 1.695206124440545165e-02 2.898402258206155935e+00
1.902235392056405061e+01 3.548910888730529706e-02 2.727134249261395471e+00
1.302036671533187118e+01 2.424674664642207864e-02 2.859617831944051058e+00
1.529762665162702007e+01 1.341989619565133601e-02 2.942492224434942294e+00
1.625140095573975785e+01 6.337793690303536107e-03 2.802664248277248582e+00
1.239745756046648850e+01 2.132865765389592785e-02 2.839527338437548121e+00
2.887633732977212730e+01 3.341937251574769036e-02 2.938258178712334079e+00
2.128777339956562997e+01 2.729868713051133294e-02 2.777246982305100698e+00
2.028542787804012093e+01 1.951639505573457903e-02 2.700034145392676610e+00
1.044315656252902258e+01 2.706768053777808963e-02 2.946878445641792688e+00
2.836479709438371088e+01 3.296692057903789080e-02 2.882941979134844068e+00
2.800455017894564946e+01 2.903096754978197469e-02 2.626929101640021358e+00
1.040231377375359934e+01 2.566120659715333263e-02 2.816038413740356905e+00
2.779420497581802607e+01 4.678973151508196426e-02 2.678016817134766026e+00
2.787991229910226565e+01 2.716290485034071264e-02 2.790772739273588154e+00
2.241576918331517021e+01 3.722609768071672570e-02 2.901792407235211257e+00
2.253502489659705432e+01 2.167214250823969179e-02 2.792106518789867931e+00
2.168429512694799755e+01 3.589254521325498104e-02 2.781323967497030925e+00
2.364483262192332091e+01 4.234919628636966277e-02 2.696765192820234525e+00
1.646121297939954786e+01 4.454241934670243735e-02 2.777754796566062723e+00
2.113133760476887346e+01 3.999514023118410505e-02 2.769419557516332731e+00
2.446352836302250111e+01 1.588357332341121253e-02 2.903052518293909312e+00
2.483482391655590504e+01 4.886003634808495227e-02 2.793234957597417800e+00
1.700148853204134269e+01 2.360578711875635852e-02 2.862109761194138624e+00
2.528873150647387291e+01 3.738789441750989262e-02 2.928340822940780352e+00
1.447617960300041418e+01 1.137355820455800658e-02 2.735112733503775040e+00
1.993138524062797501e+01 9.595952623225899314e-03 2.764671399464434742e+00
1.084283621841627898e+01 2.860695694353255700e-02 2.622572582155400678e+00
1.140941135130868744e+01 3.244574387525298725e-02 2.848835560637454911e+00
1.980228074181012232e+01 2.739415293708783242e-02 2.839145007868211223e+00
2.661156939843171187e+01 2.924695021950059551e-02 2.776125753776524263e+00
1.703971635126296746e+01 9.746163152470722207e-03 2.843526970203285931e+00
2.981589202666736682e+01 1.921901732273377170e-02 2.949098396582518156e+00
2.498578905845661779e+01 2.975306918594444044e-02 2.827608968422829605e+00
1.526158604329308943e+01 3.500269303806145121e-02 2.795859968638647164e+00
1.805995936100213584e+01 5.195055334858658669e-03 2.643798561476031761e+00
1.776462759802551972e+01 1.467898589701352799e-02 2.723095481682640262e+00
1.397707763518498680e+01 4.308377326432510923e-02 2.791136141511825652e+00
1.801895374150540263e+01 3.185480875294558617e-02 2.936738117454015029e+00
2.755598533538612571e+01 4.993272516519109416e-02 2.859028260295094270e+00
1.118509785999021666e+01 7.243420761948309548e-03 2.645019908137616671e+00
2.788538930305793784e+01 2.717782369851975272e-02 2.779987596565306252e+00
1.069596696075140407e+01 6.264652128161424076e-03 2.657287823687584538e+00
2.660485270473141028e+01 2.791814640893711813e-02 2.605291256210150674e+00
2.441662110897107851e+01 2.014137746493429096e-02 2.780729348209538987e+00
1.358973159633808692e+01 1.722218842032622460e-02 2.772696906135411865e+00
1.940826399804882740e+01 1.371516722741024027e-02 2.643499496331892740e+00
1.531654300632227361e+01 4.617435879388821079e-02 2.839130558437291008e+00
1.426063926642652469e+01 7.141828752925628333e-03 2.735522977118817423e+00
2.388956375885857497e+01 1.329327848005085883e-02 2.652060074760539177e+00
1.838507916763122907e+01 7.832897748529313309e-03 2.792155006530822270e+00
2.056579511395863591e+01 1.603947331809835175e-02 2.881167335304307908e+00
2.991464437824836864e+01 3.713299895205290913e-02 2.913034816563790041e+00
2.181539926436596133e+01 8.486761634766510840e-03 2.751935648016799352e+00
1.599772022943648864e+01 3.170985688205874009e-02 2.897244890171291054e+00
2.404590334232528903e+01 1.939304064472090194e-02 2.676441196238808828e+00
2.566953911518602638e+01 7.732905132679344928e-03 2.738340972318390687e+00
1.237056857639490914e+01 3.864663755234153814e-02 2.907060454368158631e+00
2.796992491812566684e+01 4.016388073184491703e-02 2.792822352987998968e+00
1.184219694864527739e+01 1.514870572384159272e-02 2.818646878806394085e+00
1.163904221093770985e+01 2.846552371041520535e-02 2.924734734760895183e+00
2.740786560458057153e+01 8.897727182517488342e-03 2.821477181820482905e+00
2.171070733285048604e+01 3.960280857053822406e-02 2.841005770343085324e+00
1.738265191588943281e+01 3.390949160324338574e-02 2.709974688913688201e+00
1.908239908393379736e+01 3.378728816371034949e-02 2.891818429014617831e+00
2.851890740304090599e+01 2.898215722328471508e-02 2.771404456987315967e+00
1.199293744666041306e+01 3.124532446821268183e-02 2.860234317901979129e+00
1.161403124306649381e+01 3.734304079860734787e-02 2.648855207084260144e+00
2.570885872118995508e+01 2.223978977628481013e-02 2.783520470958486648e+00
1.846565440181432649e+01 3.738983588928846552e-02 2.609754950970295528e+00
1.117290309769068912e+01 1.374668401828505263e-02 2.654864995277461670e+00
2.325443270836213827e+01 2.783699884759244236e-02 2.613973543942145206e+00
1.094774685983882279e+01 2.955403798030108165e-02 2.643054555963077146e+00
1.170049972925706960e+01 1.119754465212251422e-02 2.679799097529774077e+00
