3.724255703194489175e+00 4.659512327009728061e+00 5.206602380492716620e+00 5.594768950824967391e+00 5.895854333960594218e+00 6.141859004307955061e+00 6.349852989449177976e+00 6.530025574640206720e+00 6.688949057790942732e+00 6.831110957775832659e+00 6.959712039160895536e+00 7.077115628123194391e+00 7.185116460614942469e+00 7.285109613264417305e+00 7.378201011258821218e+00 7.465282198455446050e+00 7.547082400072526731e+00 7.624205681606182061e+00 7.697158047629601541e+00
3.285705112567542496e+00 4.286950494559890856e+00 4.872641497045643533e+00 5.288195876552238772e+00 5.610524894891804060e+00 5.873886879037991449e+00 6.096556263891206306e+00 6.289441258544586688e+00 6.459577881523745013e+00 6.611770276884152864e+00 6.749445045046449820e+00 6.875132261030339365e+00 6.990753291697377136e+00 7.097801645883554222e+00 7.197461279369905540e+00 7.290686640536934604e+00 7.378258406434766492e+00 7.460823263516092929e+00 7.538922918441170573e+00
4.739286817248156147e+00 5.791254119305030201e+00 6.406615542993105983e+00 6.843221421361903367e+00 7.181879250796870728e+00 7.458582845049979149e+00 7.692532400521177927e+00 7.895188723418776533e+00 8.073944268738056707e+00 8.233846552853744782e+00 8.378495763756276915e+00 8.510550147106853203e+00 8.632028403965138708e+00 8.744499702578051981e+00 8.849207976541821452e+00 8.947156025475649699e+00 9.039164074615998246e+00 9.125911570794929872e+00 9.207967662898568051e+00
3.844452638894638952e+00 4.872085602958515338e+00 5.473212351440815304e+00 5.899718567022392612e+00 6.230542489386929894e+00 6.500845315504691690e+00 6.729383098628008320e+00 6.927351531086268999e+00 7.101972063986991657e+00 7.258175453450806280e+00 7.399478607131180219e+00 7.528478279568568965e+00 7.647146474787666293e+00 7.757016062691885594e+00 7.859302201933106247e+00 7.954984495150146273e+00 8.044864193949681663e+00 8.129605028050868043e+00 8.209762980663164456e+00
5.412444213582155328e+00 6.438790129918673166e+00 7.039164003743828779e+00 7.465136046255191005e+00 7.795545631796830577e+00 8.065509920080346618e+00 8.293761473543201035e+00 8.491481962591709731e+00 8.665883793905504007e+00 8.821891548133349303e+00 8.963017728215975310e+00 9.091855836416865344e+00 9.210375406945720655e+00 9.320107389879717985e+00 9.422265421958504916e+00 9.517827878928226681e+00 9.607595008876701925e+00 9.692229710242020957e+00 9.772287269898518147e+00
4.602665751817775153e+00 5.640117453977127049e+00 6.246987796049681130e+00 6.677569156136478057e+00 7.011554006150289453e+00 7.284439498209033026e+00 7.515160894271870617e+00 7.715020858295829953e+00 7.891309840281587107e+00 8.049005708309641349e+00 8.191658973076920702e+00 8.321891200368384034e+00 8.441693236141322387e+00 8.552612596431222514e+00 8.655876050382195430e+00 8.752472560455181849e+00 8.843211033986039027e+00 8.928761542440938115e+00 9.009685381289363804e+00
4.012715074787064573e+00 4.955072042352863804e+00 5.506315530672159397e+00 5.897429009918663034e+00 6.200800193190952214e+00 6.448672498237957740e+00 6.658245546018188854e+00 6.839785977484461377e+00 6.999915986557253333e+00 7.143157160756751445e+00 7.272734564427351778e+00 7.391029465803756970e+00 7.499850226234544337e+00 7.600602513583987196e+00 7.694400649076047038e+00 7.782142945050260607e+00 7.864564162905619327e+00 7.942272954123052564e+00 8.015779164795086231e+00
4.469738310399714365e+00 5.521094583184978255e+00 6.136098577662319364e+00 6.572450855970241257e+00 6.910911977915879412e+00 7.187454850447583254e+00 7.421268517639560969e+00 7.623807128755504259e+00 7.802458844924924364e+00 7.962268250701142414e+00 8.106833442925713840e+00 8.238811123232846256e+00 8.360218820131082751e+00 8.472624790424823971e+00 8.577272245178484411e+00 8.675163401540768149e+00 8.767118008324933598e+00 8.853815117710187366e+00 8.935823547995735083e+00
3.310457456646619168e+00 4.258880988764317976e+00 4.813673189854679180e+00 5.207304520882016341e+00 5.512628701723010671e+00 5.762096721972377544e+00 5.973018927732498540e+00 6.155728052999715594e+00 6.316888923062737859e+00 6.461052233840709036e+00 6.591463811514252313e+00 6.710520254090075909e+00 6.820041564514615295e+00 6.921442459850197793e+00 7.015844434931070239e+00 7.104151585117413958e+00 7.187103401945110548e+00 7.265312455180437112e+00 7.339291873126737364e+00
3.780666117057815523e+00 4.798465899803435519e+00 5.393840605951762512e+00 5.816265682549055072e+00 6.143924027585123682e+00 6.411640388697382953e+00 6.637991346817891269e+00 6.834065465294675512e+00 7.007015094845709946e+00 7.161723810330744122e+00 7.301674866930184749e+00 7.429440171443002505e+00 7.546972858245082350e+00 7.655791129563511710e+00 7.757098516479071115e+00 7.851865248040295064e+00 7.940884908863205638e+00 8.024814877591330387e+00 8.104205817359838804e+00
4.431064087914775129e+00 5.468382363742113839e+00 6.075174656413831364e+00 6.505700639569451660e+00 6.839642535898390996e+00 7.112492932241170074e+00 7.343184655298960806e+00 7.543018915396790369e+00 7.719285224912888488e+00 7.876960811725728817e+00 8.019595729902194492e+00 8.149811208068507895e+00 8.269597836139896074e+00 8.380502931126299515e+00 8.483753104397447231e+00 8.580337191224129967e+00 8.671063994908891459e+00 8.756603500740226309e+00 8.837516931999587655e+00
4.390808188515189947e+00 5.437382050184307758e+00 6.049588513495672615e+00 6.483955911853426457e+00 6.820877441299475485e+00 7.096162375164791314e+00 7.328912470368823762e+00 7.530529773522545156e+00 7.708368838476156171e+00 7.867451302968594185e+00 8.011358896812675212e+00 8.142736236833910013e+00 8.263591674203896176e+00 8.375486332037942461e+00 8.479657766279959930e+00 8.577103635191663855e+00 8.668639958711583660e+00 8.754942700145274870e+00 8.836578090350338144e+00
5.243742119833582294e+00 6.270353558080275391e+00 6.870882752266004090e+00 7.296964996326968489e+00 7.627460060831301902e+00 7.897494190512697188e+00 8.125804794036072920e+00 8.323576434573661587e+00 8.498023384698425886e+00 8.654071499077995000e+00 8.795234189358904331e+00 8.924105628759390285e+00 9.042655861019596841e+00 9.152416232282766018e+00 9.254600693263723699e+00 9.350187872820356461e+00 9.439978226069509759e+00 9.524634822945118984e+00 9.604713093977601091e+00
4.537102497966334802e+00 5.510632490716639964e+00 6.080111029802907296e+00 6.484162483466945126e+00 6.797569139348758505e+00 7.053641022553212458e+00 7.270146714884607952e+00 7.457692476217250288e+00 7.623119561639480679e+00 7.771099132099063667e+00 7.904962936578479926e+00 8.027171015303517621e+00 8.139591549941174620e+00 8.243676707634913114e+00 8.340577671185330999e+00 8.431222468967556338e+00 8.516370168175919630e+00 8.596649554389786729e+00 8.672587339332890721e+00
3.451661040126406732e+00 4.433642871146574294e+00 5.008065418682870806e+00 5.415624702166741855e+00 5.731752242241068274e+00 5.990047249703039256e+00 6.208432566812012610e+00 6.397606533186909417e+00 6.564469797239335769e+00 6.713734073261235835e+00 6.848760035284922054e+00 6.972029080723206818e+00 7.085425610126349305e+00 7.190414397832180171e+00 7.288156620797533236e+00 7.379588364207076978e+00 7.465475285204311362e+00 7.546451628259503330e+00 7.623048677818686336e+00
3.944180765577967485e+00 4.992860353026738807e+00 5.606298586956002694e+00 6.041539940475510129e+00 6.379139362210159092e+00 6.654978174404774016e+00 6.888196567063613607e+00 7.090219527924282339e+00 7.268416408334037904e+00 7.427818949658930414e+00 7.572016088217764285e+00 7.703657761853546226e+00 7.824756362577216962e+00 7.936876154512385817e+00 8.041257183588193413e+00 8.138899115373053661e+00 8.230619611652556955e+00 8.317095995782809226e+00 8.398895637888273313e+00
4.622289990768569723e+00 5.626328162547045153e+00 6.213652842330080972e+00 6.630366334325521471e+00 6.953594430160356943e+00 7.217691014108556402e+00 7.440981494244592653e+00 7.634404506103997790e+00 7.805015693891591333e+00 7.957632601938832373e+00 8.095691388537815669e+00 8.221729185887031832e+00 8.337672720147409677e+00 8.445019666023068083e+00 8.544957281721867304e+00 8.638442677882473220e+00 8.726258709110014777e+00 8.809053865670067651e+00 8.887371365213954988e+00
4.263136079239349563e+00 5.286079579567651621e+00 5.884463167616146961e+00 6.309023079895952790e+00 6.638337332134052637e+00 6.907406667944449019e+00 7.134901549872841642e+00 7.331966580224254848e+00 7.505790255992945248e+00 7.661280832462354695e+00 7.801939168354588894e+00 7.930350168272751077e+00 8.048476837268472295e+00 8.157845050201142811e+00 8.259664420510850036e+00 8.354910080552556906e+00 8.444379625529837341e+00 8.528733756321246418e+00 8.608525918982229186e+00
4.823193792724117301e+00 5.816361492989241100e+00 6.397327354571808122e+00 6.809529193254365786e+00 7.129257778904380061e+00 7.390495054836932809e+00 7.611368024492045414e+00 7.802696893519490473e+00 7.971460916419499831e+00 8.122425479169503859e+00 8.258989537630577971e+00 8.383662755102056607e+00 8.498350997560031317e+00 8.604535724757170101e+00 8.703391340752071770e+00 8.795864593784614271e+00 8.882729862687867239e+00 8.964628616684624518e+00 9.042098192143830815e+00
3.782733468317998948e+00 4.869411246373944735e+00 5.505076996903659925e+00 5.956089024429889633e+00 6.305921131275872504e+00 6.591754774959605712e+00 6.833423677233978033e+00 7.042766802485835420e+00 7.227420525489320902e+00 7.392598909331817403e+00 7.542020932995259663e+00 7.678432553015550610e+00 7.803919079057529906e+00 7.920101455289923820e+00 8.028264659861532593e+00 8.129444580541781207e+00 8.224488506534159526e+00 8.314098303545266688e+00 8.398861899969592315e+00
5.131985006226751800e+00 6.124030611626677612e+00 6.704340089790851387e+00 7.116076217026603423e+00 7.435443568814381621e+00 7.696385695190777199e+00 7.917009119451849486e+00 8.108121822426529235e+00 8.276695173354951862e+00 8.427489174214306544e+00 8.563898940677434624e+00 8.688431300590703898e+00 8.802989966655962562e+00 8.909054724851774409e+00 9.007798652378481208e+00 9.100167427826454158e+00 9.186934555124645740e+00 9.268740778754876786e+00 9.346122827995895221e+00
5.380312864505287784e+00 6.413636183479749064e+00 7.018091576200535364e+00 7.446959502454211233e+00 7.779615309934345468e+00 8.051414895174996644e+00 8.281218170105143273e+00 8.480282821428673401e+00 8.655870287895783832e+00 8.812938628908808525e+00 8.955024226440775337e+00 9.084738214149458813e+00 9.204063515719763444e+00 9.314541489079605441e+00 9.417394021629593936e+00 9.513606140403135569e+00 9.603983533810872331e+00 9.689193606870246001e+00 9.769795421459745555e+00
4.927734741531615725e+00 5.998707700748739491e+00 6.625186721177125371e+00 7.069680659965863256e+00 7.414456944402513017e+00 7.696159680394249136e+00 7.934335949980406255e+00 8.140653619182987910e+00 8.322638700822635016e+00 8.485429903619635894e+00 8.632692459352886871e+00 8.767132639611373790e+00 8.890805616873761252e+00 9.005308909197529132e+00 9.111908924048021774e+00 9.211626578400110787e+00 9.305296916315525024e+00 9.393611660039757894e+00 9.477150241144130405e+00
5.064146777168635261e+00 6.126752780761965944e+00 6.748337445905233878e+00 7.189358784355295739e+00 7.531441510707970188e+00 7.810943449498564561e+00 8.047258971564330565e+00 8.251964787948626423e+00 8.432528114641831607e+00 8.594047514301299984e+00 8.740159584153218475e+00 8.873549453091893469e+00 8.996256237600571026e+00 9.109864975157661249e+00 9.215632179444568806e+00 9.314570791541955330e+00 9.407509331745897541e+00 9.495134118235162290e+00 9.578020055783076359e+00
4.887934433255126443e+00 5.842639001531129139e+00 6.401105373239770913e+00 6.797343569807131836e+00 7.104689792652486346e+00 7.355809941515773609e+00 7.568129002115641768e+00 7.752048138083134532e+00 7.914276313224416270e+00 8.059394360928489931e+00 8.190669603206600868e+00 8.310514509791776305e+00 8.420761136794389756e+00 8.522833570391645353e+00 8.617860732637131704e+00 8.706752706359136340e+00 8.790253880455233926e+00 8.868980881500418079e+00 8.943450236045038082e+00
2.887261231216691648e+00 3.826475428216909336e+00 4.375880513606969835e+00 4.765689625217127023e+00 5.068049062348571887e+00 5.315094710607187523e+00 5.523968830031633637e+00 5.704903822217345599e+00 5.864499795997247134e+00 6.007263259348789575e+00 6.136408520992285176e+00 6.254308907607405210e+00 6.362766749638289809e+00 6.463183027031851324e+00 6.556668344738849186e+00 6.644118019217563287e+00 6.726264361429858063e+00 6.803713992997465709e+00 6.876975059670741075e+00
4.047395509531884983e+00 5.034644068305609288e+00 5.612147454079244646e+00 6.021892627079333593e+00 6.339715674785653121e+00 6.599396012852968951e+00 6.818952610299575667e+00 7.009141185853057898e+00 7.176899398626604309e+00 7.326964233559377426e+00 7.462714389207809162e+00 7.586644571626693256e+00 7.700649288095724465e+00 7.806201169073299972e+00 7.904467619333011896e+00 7.996389744626782203e+00 8.082737308597435444e+00 8.164147957400327726e+00 8.241155824954315534e+00
5.211139204537046155e+00 6.253517758749230993e+00 6.863270124519293525e+00 7.295896312961414942e+00 7.631467255070386813e+00 7.905648678731477474e+00 8.137465769351910794e+00 8.338274867173598892e+00 8.515401044501540895e+00 8.673845809282571651e+00 8.817176533568108709e+00 8.948027232943662312e+00 9.068398207882299999e+00 9.179844323564095632e+00 9.283598175052633295e+00 9.380653421385783730e+00 9.471822811395602670e+00 9.557779598713723956e+00 9.639087744398530333e+00
4.933201618758757512e+00 5.955924148964794718e+00 6.554178477777986345e+00 6.978646679170831923e+00 7.307889794918444260e+00 7.576901007984023551e+00 7.804346747831882425e+00 8.001369209376868241e+00 8.175155336797216066e+00 8.330612325124482354e+00 8.471240276846261352e+00 8.599623538190060756e+00 8.717724690170930657e+00 8.827069278037919631e+00 8.928866653937673092e+00 9.024091739582905447e+00 9.113541957885463063e+00 9.197877867003253272e+00 9.277652793439621348e+00
4.302204999013602205e+00 5.270722638780055647e+00 5.837269139330392598e+00 6.239240278546509977e+00 6.551033317181328641e+00 6.805786779096846040e+00 7.021177762111569187e+00 7.207757918312963419e+00 7.372333279647182991e+00 7.519550956947782971e+00 7.652725545229640325e+00 7.774304418863300370e+00 7.886146140925654358e+00 7.989695401878023517e+00 8.086097457498119923e+00 8.176275558079417749e+00 8.260984862654463967e+00 8.340850919413636433e+00 8.416397728232965392e+00
4.595362966060964283e+00 5.618983771136893068e+00 6.217763557064311719e+00 6.642604576212822742e+00 6.972136871877984809e+00 7.241384362140241393e+00 7.469029871511441598e+00 7.666225381288751528e+00 7.840164148067660044e+00 7.995757676953914483e+00 8.136509144635599711e+00 8.265005167216170179e+00 8.383210049479494330e+00 8.492650676587370384e+00 8.594537462881332246e+00 8.689846186364681202e+00 8.779374970339581807e+00 8.863784953143589718e+00 8.943629947276278358e+00
4.523780967780480111e+00 5.584969422753194301e+00 6.205724875110453453e+00 6.646157877725909380e+00 6.987784255351738416e+00 7.266913330083168532e+00 7.502913600078834122e+00 7.707346332698623570e+00 7.887668782440426796e+00 8.048972710324452606e+00 8.194889862245950951e+00 8.328101785055881834e+00 8.450644874994292621e+00 8.564102055051549200e+00 8.669728162681712647e+00 8.768534787671336872e+00 8.861349345045308468e+00 8.948857237413141874e+00 9.031632602607762905e+00
5.431439052901537501e+00 6.470311548557760695e+00 7.078013001547254213e+00 7.509184044213984777e+00 7.843626287571471956e+00 8.116885497203476518e+00 8.347922866972302458e+00 8.548056539870207970e+00 8.724586950192970036e+00 8.882498783227696038e+00 9.025347412107315392e+00 9.155757992859699712e+00 9.275724097912185329e+00 9.386795362628527428e+00 9.490200236217187779e+00 9.586929035526431164e+00 9.677791775693355802e+00 9.763459445849193230e+00 9.844494110159409672e+00
3.893776953838654187e+00 4.916971445093683002e+00 5.515501853422335010e+00 5.940165936348710929e+00 6.269560989617685820e+00 6.538696344677362937e+00 6.766247045085684420e+00 6.963360427603738856e+00 7.137226753006015834e+00 7.292755480872714635e+00 7.433448328901802959e+00 7.561890835932391752e+00 7.680046488661929516e+00 7.789441536340712346e+00 7.891285889201366643e+00 7.986554918858767671e+00 8.076046416215627133e+00 8.160421244261044649e+00 8.240232984844800157e+00
5.857038701795779900e+00 6.936829369623780828e+00 7.568466418931815376e+00 8.016620037451781755e+00 8.364234990022803018e+00 8.648257086759816303e+00 8.888394347914585936e+00 9.096410705279783571e+00 9.279894136067850852e+00 9.444025657850803057e+00 9.592500679589448964e+00 9.728047754587818119e+00 9.852738976304609153e+00 9.968185015742585975e+00 1.007566270715883938e+01 1.017620137310778361e+01 1.027064293287162222e+01 1.035968480389585267e+01 1.044391118842196953e+01
3.424642336792975250e+00 4.387020784988009403e+00 4.949976088684321596e+00 5.349399233183042668e+00 5.659215893571126976e+00 5.912354536879355749e+00 6.126380210215462974e+00 6.311777681378076821e+00 6.475309840575668829e+00 6.621594341766160241e+00 6.753924769573971254e+00 6.874732985074389902e+00 6.985865770376868511e+00 7.088758658410496238e+00 7.184549645462473322e+00 7.274156129573110974e+00 7.358328483010341259e+00 7.437688288770702094e+00 7.512756225225801998e+00
5.197487885240935412e+00 6.267920268044526289e+00 6.894083071542221219e+00 7.338352650848117165e+00 7.682954908549817219e+00 7.964515454345812095e+00 8.202571503834446887e+00 8.408785033651708929e+00 8.590678257843507026e+00 8.753387291353408983e+00 8.900575515924941783e+00 9.034947837149402972e+00 9.158558390151753770e+00 9.273003886638036875e+00 9.379550094851103026e+00 9.479217416455300693e+00 9.572840474021672819e+00 9.661110640647098791e+00 9.744607055433286646e+00
4.693596966327795883e+00 5.782215001506810559e+00 6.419015729695279227e+00 6.870833036685826123e+00 7.221289766811030297e+00 7.507633764874294791e+00 7.749734165628281879e+00 7.959451071864840799e+00 8.144434493062762570e+00 8.309907801990044973e+00 8.459596617844891142e+00 8.596251800053309466e+00 8.721962381588939550e+00 8.838352200807296555e+00 8.946708530178513641e+00 9.048069107043856363e+00 9.143282733436974397e+00 9.233052528241778134e+00 9.317967469595631158e+00
4.470700228577142887e+00 5.506718263025870641e+00 6.112749963249214602e+00 6.542736297474597507e+00 6.876259609573626363e+00 7.148767997697942356e+00 7.379170556927221902e+00 7.578754331923325260e+00 7.754799697921287205e+00 7.912277644022354117e+00 8.054733774427536019e+00 8.184786032146670109e+00 8.304422511961680797e+00 8.415188591375949656e+00 8.518309344245698966e+00 8.614772366372053014e+00 8.705385447251529740e+00 8.790817732370014070e+00 8.871629741535636882e+00
5.616696540929913439e+00 6.685328865155272027e+00 7.310438701885598967e+00 7.753961189380629726e+00 8.097983957653553944e+00 8.379071026110956666e+00 8.616726756213829219e+00 8.822593513605987425e+00 9.004180862841282718e+00 9.166616281878910755e+00 9.313556992052980377e+00 9.447703350336315253e+00 9.571106037582858050e+00 9.685359080439187807e+00 9.791726118609238583e+00 9.891225837831346013e+00 9.984691457160050021e+00 1.007281318706664131e+01 1.015616919276197727e+01
4.880905473536052419e+00 5.881277278433534761e+00 6.466457271077302948e+00 6.881649083331017991e+00 7.203696872660696471e+00 7.466829075974786178e+00 7.689304183902649470e+00 7.882020888228500333e+00 8.052009068618554366e+00 8.204068677558179701e+00 8.341623325791665877e+00 8.467200880872269408e+00 8.582721033287189272e+00 8.689675988800132700e+00 8.789248670201947888e+00 8.882392693125982674e+00 8.969888053489047053e+00 9.052380873516035820e+00 9.130412387233288740e+00
4.068801169058612999e+00 5.124053045536596684e+00 5.741335822091850893e+00 6.179304922014580370e+00 6.519020148235451728e+00 6.796587698569834579e+00 7.031267718499603525e+00 7.234556798492564056e+00 7.413870475125087900e+00 7.574272024713435414e+00 7.719372876172888809e+00 7.851839575047817377e+00 7.973697125420661003e+00 8.086519594977586323e+00 8.191554801268688735e+00 8.289808674970547742e+00 8.382104002322064318e+00 8.469122351603072474e+00 8.551434648762411328e+00
5.334547458398595232e+00 6.331772089319853691e+00 6.915111103204284682e+00 7.328996720241112151e+00 7.650031345848345765e+00 7.912335734125543141e+00 8.134110934412467131e+00 8.326221351162370610e+00 8.495674748009975019e+00 8.647255976769603336e+00 8.784377877491506226e+00 8.909560365046802488e+00 9.024717090568211475e+00 9.131335565333726478e+00 9.230594990654035215e+00 9.323445982083628181e+00 9.410666081668823679e+00 9.492899378931232590e+00 9.570685405172634219e+00
4.227961131596132738e+00 5.253549853252517998e+00 5.853480796584050516e+00 6.279138574908903259e+00 6.609304398209708609e+00 6.879069518240435777e+00 7.107152677344951819e+00 7.304727296565288519e+00 7.479000461571969183e+00 7.634893119866093869e+00 7.775915183012037879e+00 7.904658239896821925e+00 8.023090371690969391e+00 8.132741399001337967e+00 8.234824063197626387e+00 8.330316018221674668e+00 8.420016921772045748e+00 8.504589183228354443e+00 8.584587679797726523e+00
3.822254869345813599e+00 4.791905036909125393e+00 5.359114023751648581e+00 5.761555204472437630e+00 6.073712835623306106e+00 6.328764191314960819e+00 6.544407039928658243e+00 6.731205372035748979e+00 6.895973178157484007e+00 7.043363003186618343e+00 7.176693318031288626e+00 7.298414358878273056e+00 7.410386862099258565e+00 7.514057207491969592e+00 7.610571990029141531e+00 7.700855539599062105e+00 7.785663898273016414e+00 7.865623345720795356e+00 7.941258494553189884e+00
5.241378070551601098e+00 6.270241947629132895e+00 6.872088734066070792e+00 7.299105824706665580e+00 7.630326012552660409e+00 7.900952611143602589e+00 8.129764139992481375e+00 8.327969701784196488e+00 8.502799397580540486e+00 8.659189889630193093e+00 8.800662298187372556e+00 8.929816488221135273e+00 9.048626825849934718e+00 9.158628017070013172e+00 9.261036676067130102e+00 9.356833578861730061e+00 9.446820936810770064e+00 9.531663274658072282e+00 9.611917241577488724e+00
3.545157659087361690e+00 4.525917689695301505e+00 5.099625529807079616e+00 5.506677720303240875e+00 5.822411928498525846e+00 6.080385560415018986e+00 6.298499158371927642e+00 6.487437750911180245e+00 6.654093400526797097e+00 6.803171959106466105e+00 6.938029919268151602e+00 7.061145591022958357e+00 7.174401030314254690e+00 7.279259188979867012e+00 7.376879799218244216e+00 7.468197781519120504e+00 7.553977840380860620e+00 7.634853431134736468e+00 7.711355177192601218e+00
4.984983350318198170e+00 6.015742682993028723e+00 6.618698239876168010e+00 7.046502015667859276e+00 7.378332403923236527e+00 7.649457572550998563e+00 7.878690636359695354e+00 8.077261348342689828e+00 8.252413129434136962e+00 8.409091736598067968e+00 8.550824776978988240e+00 8.680216905225830004e+00 8.799246124792748702e+00 8.909449969034525907e+00 9.012047293481206367e+00 9.108020681017521269e+00 9.198173820898565722e+00 9.283172462108968404e+00 9.363574279326360994e+00
3.832079262162506161e+00 4.877762280547722540e+00 5.489447633943985494e+00 5.923445298932939806e+00 6.260080040897759268e+00 6.535130652329202761e+00 6.767682630738296012e+00 6.969128317318156185e+00 7.146816005725465715e+00 7.305763059282975647e+00 7.449548159036410766e+00 7.580813670714419139e+00 7.701566235980823905e+00 7.813365649123513279e+00 7.917448412679238601e+00 8.014811335703372563e+00 8.106269743538573991e+00 8.192499024110681205e+00 8.274064926301802458e+00
4.845862401456386692e+00 5.863001271582406027e+00 6.457989368632013338e+00 6.880140141708425361e+00 7.207585720403979046e+00 7.475128238758032673e+00 7.701332214920777020e+00 7.897279011834444695e+00 8.070116335807639985e+00 8.224724590529998380e+00 8.364584769315353441e+00 8.492267108884052007e+00 8.609723475335862020e+00 8.718471085046795466e+00 8.819712687579604804e+00 8.914417881960464030e+00 9.003379737487845702e+00 9.087255205933660207e+00 9.166594592857626012e+00
5.702659923844401568e+00 6.774107065744582989e+00 7.400863465261049434e+00 7.845554207644764411e+00 8.190483144809199700e+00 8.472310607161229967e+00 8.710592331382429165e+00 8.917001349544946720e+00 9.099067006677696412e+00 9.261930286709381122e+00 9.409258044232451823e+00 9.543757749061411388e+00 9.667485483620588127e+00 9.782039473282610587e+00 9.888686686225847566e+00 9.988448491445128141e+00 1.008216030272527419e+01 1.017051414857787783e+01 1.025408971712267636e+01
5.311842220508008694e+00 6.366878496166142654e+00 6.984035154326659445e+00 7.421914771824276613e+00 7.761560590083957933e+00 8.039071429984794293e+00 8.273703501926194193e+00 8.476951047482410573e+00 8.656228088145311972e+00 8.816596865742091893e+00 8.961668071329093266e+00 9.094107705642928252e+00 9.215940359033021778e+00 9.328739777584328152e+00 9.433753523902609572e+00 9.531987323140544532e+00 9.624263793431781622e+00 9.711264363803445931e+00 9.793559843557247291e+00
5.438916561625551260e+00 6.519197076540501179e+00 7.151120668025487959e+00 7.599477591455450209e+00 7.947250239565958552e+00 8.231401182940437877e+00 8.471647382374957402e+00 8.679758106370400128e+00 8.863324774425425545e+00 9.027530754480908470e+00 9.176073131920109205e+00 9.311681697855387796e+00 9.436429485750741364e+00 9.551927897289907321e+00 9.659454345965896138e+00 9.760038621285350047e+00 9.854523024467191306e+00 9.943605289340375464e+00 1.002786988316976924e+01
4.958226949889438906e+00 5.985194722508708765e+00 6.585932358940111975e+00 7.012162495127977735e+00 7.342772273678017214e+00 7.612900131559380945e+00 7.841289981146679189e+00 8.039130267747246705e+00 8.213637767990784155e+00 8.369740046297286185e+00 8.510951733810058428e+00 8.639867904178650804e+00 8.758459284940673939e+00 8.868257753765949047e+00 8.970477682728690283e+00 9.066098040366515676e+00 9.155919559632330618e+00 9.240605540610053126e+00 9.320711606618710121e+00
3.965642713130230756e+00 4.933416097642632892e+00 5.499527236778384953e+00 5.901189482155035471e+00 6.212742924113808130e+00 6.467300621290787532e+00 6.682526087577469909e+00 6.868962866667438050e+00 7.033411760426539594e+00 7.180516308626210709e+00 7.313588559188066718e+00 7.435074005803190111e+00 7.546829783339756403e+00 7.650299472089872488e+00 7.746627447761962770e+00 7.836736251179840629e+00 7.921380461075752777e+00 8.001185144938942173e+00 8.076673899978883853e+00
4.876861717467415147e+00 5.851568855969876637e+00 6.421735981179037545e+00 6.826275994472337239e+00 7.140061606643546277e+00 7.396443119681499034e+00 7.613210600306981490e+00 7.800983132974797840e+00 7.966610244890660830e+00 8.114768745146006879e+00 8.248794411314312569e+00 8.371150258183959636e+00 8.483706726337571169e+00 8.587917738809442980e+00 8.684935870355168674e+00 8.775690271477259330e+00 8.860940927197672679e+00 8.941317383393121432e+00 9.017346988661886442e+00
5.131006986075780318e+00 6.132571828331966124e+00 6.718449703092535863e+00 7.134136670588152818e+00 7.456568532161847784e+00 7.720014545348721668e+00 7.942754975743532064e+00 8.135701512844338623e+00 8.305892420109289631e+00 8.458133374418034478e+00 8.595852069492307734e+00 8.721579387604906586e+00 8.837237308654287915e+00 8.944319817999717870e+00 9.044011249178602441e+00 9.137266355100525317e+00 9.224866061900698355e+00 9.307457262365476325e+00 9.385581835993617617e+00
4.169055572893872963e+00 5.181122595541372888e+00 5.773143852006669796e+00 6.193189618188873702e+00 6.519002426688108365e+00 6.785210874654170610e+00 7.010286910375517877e+00 7.205256640836373627e+00 7.377232131119467518e+00 7.531069449335609178e+00 7.670232231220745156e+00 7.797277897301670535e+00 7.914148580919483145e+00 8.022353933023017802e+00 8.123090705800905198e+00 8.217323663483874441e+00 8.305841920820396851e+00 8.389299153766968331e+00 8.468242923847121517e+00
4.712863008610265858e+00 5.723245568545541673e+00 6.314281477490323979e+00 6.733628128480817487e+00 7.058898661108196748e+00 7.324664037425599794e+00 7.549365461405724176e+00 7.744010688416093302e+00 7.915699946370382101e+00 8.069281221043473451e+00 8.208212383370053544e+00 8.335046597360875609e+00 8.451722763911833525e+00 8.559748021341000879e+00 8.660317129988255758e+00 8.754393248351368229e+00 8.842764177793100089e+00 8.926082506305657915e+00 9.004894884062887073e+00
4.877586060686335045e+00 5.906846747490794414e+00 6.508925652737906020e+00 6.936107434295253782e+00 7.267455366340671574e+00 7.538186339542365388e+00 7.767086115867224194e+00 7.965368121099713150e+00 8.140265244789476995e+00 8.296716053145130942e+00 8.438243024438023099e+00 8.567447026346824757e+00 8.686303186458735226e+00 8.796346802671683562e+00 8.898794958392242549e+00 8.994628807904172518e+00 9.084650871959366825e+00 9.169525931593936363e+00 9.249810850668840345e+00
3.449712590997836337e+00 4.467869576542358168e+00 5.063453232933196269e+00 5.486026562086880887e+00 5.813799900739488713e+00 6.081610218477718988e+00 6.308040615793584216e+00 6.504183547631403606e+00 6.677193874868557089e+00 6.831956886284011432e+00 6.971957059526994627e+00 7.099767204022241707e+00 7.217341139609592560e+00 7.326197601338106047e+00 7.427540542674848645e+00 7.522340533175925437e+00 7.611391435970530139e+00 7.695350860413078919e+00 7.774769662897195843e+00
3.964670063276636292e+00 5.008388043682598045e+00 5.618923923548504007e+00 6.052106024088558911e+00 6.388108165120335080e+00 6.662641903954464873e+00 6.894756872809333359e+00 7.095824004494520665e+00 7.273177783820370834e+00 7.431826145526296834e+00 7.575341045633281922e+00 7.706359884360425738e+00 7.826885532508861765e+00 7.938474853215295113e+00 8.042362025392202796e+00 8.139541984900482419e+00 8.230828524930853263e+00 8.316895764226330812e+00 8.398308388518891832e+00
4.926166594361570894e+00 5.989975615478444482e+00 6.612264000760696092e+00 7.053784636595318069e+00 7.396254648087463579e+00 7.676073021877569680e+00 7.912656085923307714e+00 8.117593657712191657e+00 8.298361407159822178e+00 8.460063669204336279e+00 8.606341158204875441e+00 8.739882042994443268e+00 8.862727748619246171e+00 8.976465107040182190e+00 9.082352054486587889e+00 9.181402678829066133e+00 9.274446438363689538e+00 9.362170428276694878e+00 9.445150204213426548e+00
2.621675335391196349e+00 3.570082160398837523e+00 4.124864588456319758e+00 4.518488985406479586e+00 4.823807787759361254e+00 5.073271413463960933e+00 5.284189903689423318e+00 5.466895810414120760e+00 5.628053841521443168e+00 5.772214612767002428e+00 5.902623893154041568e+00 6.021678238471602995e+00 6.131197619605560867e+00 6.232596728697064492e+00 6.326997040824484664e+00 6.415302635421761934e+00 6.498252990998143908e+00 6.576460666529084342e+00 6.650438781278832145e+00
4.351270360875318488e+00 5.369408784412732949e+00 5.964981582725473963e+00 6.387547207950147410e+00 6.715314570971169239e+00 6.983120006262888424e+00 7.209546275529048032e+00 7.405685631487561871e+00 7.578692804575630326e+00 7.733452994508583700e+00 7.873450615410181541e+00 8.001258429800303773e+00 8.118830221898724275e+00 8.227684699066463381e+00 8.329025792821324714e+00 8.423824055024976332e+00 8.512873334333699304e+00 8.596831228113044787e+00 8.676248582713979474e+00
4.978637159729667694e+00 5.990378609932997200e+00 6.582209418727186012e+00 7.002120060136326707e+00 7.327828057718861920e+00 7.593950868930515519e+00 7.818954499807682978e+00 8.013861510339655325e+00 8.185781677724703442e+00 8.339569507922190539e+00 8.478687522449018132e+00 8.605692319133844137e+00 8.722525406551735472e+00 8.830695950011012485e+00 8.931400316716379351e+00 9.025602960542984832e+00 9.114092742388507418e+00 9.197523127928032949e+00 9.276441502539704231e+00
4.223955957484564649e+00 5.241242694152731474e+00 5.836317287584606106e+00 6.258529430820898298e+00 6.586022611910662405e+00 6.853604024252772930e+00 7.079840884813860313e+00 7.275816167489065123e+00 7.448678617684648451e+00 7.603309348578829230e+00 7.743189859534774122e+00 7.870890760920939755e+00 7.988364202589586682e+00 8.097127621482027138e+00 8.198383942010703862e+00 8.293102904157231947e+00 8.382077692512515554e+00 8.465965354352814387e+00 8.545316275238509007e+00
3.417390346677174673e+00 4.374351302843601630e+00 4.934137576855223806e+00 5.331312259010029031e+00 5.639384876510275646e+00 5.891098533021651207e+00 6.103919397187945073e+00 6.288273215176456432e+00 6.450884807033272494e+00 6.596345832676703047e+00 6.727931336240692950e+00 6.848059489188078608e+00 6.958566677585698912e+00 7.060880353354372474e+00 7.156132106688325223e+00 7.245234171342882945e+00 7.328932695534840391e+00 7.407845763199699896e+00 7.482491121667822043e+00
4.050374175202660076e+00 5.108830165718417859e+00 5.727987228833803179e+00 6.167286156234174754e+00 6.508032876783029330e+00 6.786443219349560962e+00 7.021835809958428598e+00 7.225742146749932537e+00 7.405600282464947171e+00 7.566488867298786225e+00 7.712030295728930618e+00 7.844899209865318745e+00 7.967126762411540497e+00 8.080291800474185493e+00 8.185645930414173321e+00 8.284198137265690320e+00 8.376773705534640513e+00 8.464056272980704065e+00 8.546618499083729503e+00
4.069997907655638514e+00 5.092275737451259943e+00 5.690269933200303498e+00 6.114553567246882260e+00 6.443653521438573506e+00 6.712547762995924927e+00 6.939894604842742787e+00 7.136831397042503689e+00 7.310541958744968483e+00 7.465931351234195823e+00 7.606498155082529244e+00 7.734825592791547244e+00 7.852875392006436250e+00 7.962172434638364216e+00 8.063925546983238490e+00 8.159109226838126006e+00 8.248520550379280891e+00 8.332819788540589911e+00 8.412560027227858228e+00
5.590945480696849934e+00 6.613517468797272869e+00 7.211683736123900346e+00 7.636089456897695804e+00 7.965284108912047856e+00 8.234255724224324169e+00 8.461667984648801877e+00 8.658661444998118739e+00 8.832421991550951645e+00 8.987856097012469903e+00 9.128463348664254795e+00 9.256827712324746216e+00 9.374911480122154472e+00 9.484239972749225700e+00 9.586022364339097379e+00 9.681233433098542562e+00 9.770670484560813662e+00 9.854993979651373692e+00 9.934757163425343762e+00
5.258966554416617534e+00 6.286825987107898861e+00 6.888085211244818318e+00 7.314685419799179300e+00 7.645582248777487600e+00 7.915944643936098757e+00 8.144532791965820806e+00 8.342544852490458851e+00 8.517203868073019990e+00 8.673441681468768039e+00 8.814775975383428275e+00 8.943804076627380084e+00 9.062498423813403647e+00 9.172392224657102133e+00 9.274700905605689272e+00 9.370404285181740178e+00 9.460303791570881415e+00 9.545063300764299541e+00 9.625238918498423502e+00
3.739293682797018903e+00 4.684667429752451540e+00 5.237675620887631389e+00 5.630041176707885064e+00 5.934383546021774869e+00 6.183049367843064026e+00 6.393293324496393204e+00 6.575414923663317701e+00 6.736057558978243875e+00 6.879757292977207506e+00 7.009749514444258978e+00 7.128423114798497551e+00 7.237592244518769036e+00 7.338667071451826729e+00 7.432765484112387355e+00 7.520788670618750338e+00 7.603473744570952597e+00 7.681431305933676512e+00 7.755172832976256814e+00
5.585938039394008570e+00 6.654221438940146172e+00 7.279127167817552646e+00 7.722504838486282885e+00 8.066415278101965569e+00 8.347410567363688472e+00 8.584988699262286360e+00 8.790788238032419599e+00 8.972316296241094946e+00 9.134698677648103171e+00 9.281591409449255536e+00 9.415693966909826074e+00 9.539056361305323861e+00 9.653272098808423962e+00 9.759604406525509646e+00 9.859071637578557201e+00 9.952506738963434074e+00 1.004059969578723255e+01 1.012392848448109106e+01
4.359899481541852140e+00 5.305743089412690239e+00 5.859026131563935813e+00 6.251586697283527450e+00 6.556080328026775206e+00 6.804869739434773912e+00 7.015218189594770948e+00 7.197430305154364660e+00 7.358152781586019486e+00 7.501923935897613305e+00 7.631980764896204583e+00 7.750713347305611123e+00 7.859936735256968454e+00 7.961061797465608159e+00 8.055206978048859767e+00 8.143273913025202759e+00 8.226000082348058129e+00 8.303996389456855809e+00 8.377774566831128311e+00
5.399690546136588054e+00 6.437347205027492691e+00 7.044337439102275944e+00 7.475003863918397329e+00 7.809054695262330981e+00 8.081994097993179693e+00 8.312761074879816192e+00 8.512660522809301966e+00 8.688984332067963834e+00 8.846711354153235618e+00 8.989392801193320182e+00 9.119650756884084331e+00 9.239476460490074317e+00 9.350417733770720830e+00 9.453701588228019759e+00 9.550317181700206604e+00 9.641073581329138165e+00 9.726640990958868471e+00 9.807580816947206515e+00
5.263279837874478062e+00 6.348617736956926549e+00 6.983499708531642369e+00 7.433955636039375925e+00 7.783356398200041326e+00 8.068837607614090857e+00 8.310208530959249273e+00 8.519293535121825300e+00 8.703719579188806676e+00 8.868694297282489813e+00 9.017932082865678822e+00 9.154175506696539344e+00 9.279507307242980119e+00 9.395546430041699537e+00 9.503576268857205633e+00 9.604631434204273788e+00 9.699558170574698934e+00 9.789057478271255164e+00 9.873716560769869588e+00
5.054773079152429460e+00 6.036440760024119889e+00 6.610679541503960976e+00 7.018108440895809430e+00 7.334134847211328356e+00 7.592347222375651405e+00 7.810662674872442146e+00 7.999776121767499859e+00 8.166586003855492493e+00 8.315802528083018785e+00 8.450785293354302397e+00 8.574014903247341834e+00 8.687375155465485221e+00 8.792330355744132575e+00 8.890041309562860761e+00 8.981443802639189400e+00 9.067303247171858871e+00 9.148253684727183810e+00 9.224826229785639597e+00
4.822491909598372040e+00 5.783762197606588273e+00 6.346069269148820524e+00 6.745032485614805395e+00 7.054492398105116635e+00 7.307339557157037646e+00 7.521118784065969898e+00 7.706302773623021629e+00 7.869646628699269897e+00 8.015762686113333757e+00 8.147940737990577276e+00 8.268609845165254768e+00 8.379614663212903380e+00 8.482389072074186132e+00 8.578069757655566008e+00 8.667573061631237863e+00 8.751648492229968213e+00 8.830916916707487019e+00 8.905898413884315801e+00
4.086625929909528665e+00 5.182740731205707441e+00 5.823926786449392878e+00 6.278855532501886216e+00 6.631725682261004451e+00 6.920041587745571654e+00 7.163809212468548182e+00 7.374970333798064104e+00 7.561227642989257092e+00 7.727840483557182338e+00 7.878560131169866310e+00 8.016156389041750430e+00 8.142732676268238379e+00 8.259924013764726070e+00 8.369026538800868664e+00 8.471085135094241991e+00 8.566954449952158157e+00 8.657342444285434979e+00 8.742842152228313068e+00
4.103940829813081947e+00 5.043458828121738513e+00 5.593041625884904278e+00 5.982976826430394190e+00 6.285434065738288112e+00 6.532559624193560843e+00 6.741501306726595644e+00 6.922494824739050756e+00 7.082142421956727496e+00 7.224952064046944678e+00 7.354139099440869742e+00 7.472077622502216521e+00 7.580570546662849019e+00 7.681019305035251321e+00 7.774534861810110442e+00 7.862012823047706433e+00 7.944185736585613000e+00 8.021660420265384062e+00 8.094945184203865551e+00
4.696189450991785641e+00 5.681487232914586016e+00 6.257849487383156273e+00 6.666785014837388168e+00 6.983980052668538718e+00 7.243147269305957536e+00 7.462270028765201069e+00 7.652082796760189431e+00 7.819509523774527793e+00 7.969277834591339982e+00 8.104759751548719748e+00 8.228445051228758800e+00 8.342224497415239526e+00 8.447567810688003220e+00 8.545640089059910238e+00 8.637380578682989807e+00 8.723557522167615375e+00 8.804807305697329056e+00 8.881663007756589678e+00
5.030724596556203743e+00 6.135839112035442078e+00 6.782289662593426804e+00 7.240953627514680413e+00 7.596721038115282099e+00 7.887404178072664251e+00 8.133173271024148221e+00 8.346068142993919636e+00 8.533854728630648978e+00 8.701835553594520434e+00 8.853792693620118115e+00 8.992518693551902587e+00 9.120134242729825758e+00 9.238287786503386556e+00 9.348286104152505160e+00 9.451182658473157971e+00 9.547839113903963337e+00 9.638969244109887313e+00 9.725170952366337218e+00
5.428300832051951907e+00 6.445135120404676954e+00 7.039945048538504224e+00 7.461969408757401112e+00 7.789316934022941119e+00 8.056779336891228382e+00 8.282915576375915023e+00 8.478803697110127047e+00 8.651589265025055653e+00 8.806151222375666165e+00 8.945969520093923322e+00 9.073613625243952541e+00 9.191034819440107029e+00 9.299749864728639182e+00 9.400961150509493436e+00 9.495637985462851205e+00 9.584573201402946552e+00 9.668423553377779811e+00 9.747739182158319693e+00
4.325891837822253727e+00 5.376017645831887570e+00 5.990301864557028289e+00 6.426143453841521413e+00 6.764208454606115417e+00 7.040427672566662132e+00 7.273967693717818150e+00 7.476269261851155257e+00 7.654711891291801962e+00 7.814334262615749260e+00 7.958730261597820821e+00 8.090553480576295087e+00 8.211819086826110947e+00 8.324093501727451994e+00 8.428618481340889090e+00 8.526395069860789988e+00 8.618242056699621401e+00 8.704837699301435805e+00 8.786750150243554103e+00
3.834661577974208591e+00 4.787081053369811379e+00 5.344210731432754713e+00 5.739500528765413279e+00 6.046111116013141107e+00 6.296630206828356613e+00 6.508441080089574449e+00 6.691920004161016067e+00 6.853759884891299947e+00 6.998530591408743007e+00 7.129491625363702845e+00 7.249049682223959401e+00 7.359032433059198297e+00 7.460860555485176349e+00 7.555660269471686341e+00 7.644339479556617967e+00 7.727640792936875336e+00 7.806179360286902735e+00 7.880470471846694025e+00
4.676647541357191962e+00 5.663438332885325721e+00 6.240673941986231377e+00 6.650229124413459481e+00 6.967904803982504447e+00 7.227464733514366024e+00 7.446919526994817851e+00 7.637019915941593240e+00 7.804700342615272568e+00 7.954695595510638206e+00 8.090382806549744288e+00 8.214255525042499784e+00 8.328207379823785672e+00 8.433710318522951610e+00 8.531931204611543862e+00 8.623810707469727888e+00 8.710118233816450228e+00 8.791491134143406327e+00 8.868463294702324973e+00
3.295553485035436214e+00 4.293430910919282084e+00 4.877151785377487059e+00 5.291308336803128398e+00 5.612553115449020247e+00 5.875029211261332485e+00 6.096949588200623715e+00 6.289185762686973824e+00 6.458750085719537459e+00 6.610430541332865673e+00 6.747642203662409521e+00 6.872906637145178799e+00 6.988138745612413771e+00 7.094827014084469141e+00 7.194151415791070647e+00 7.287063188570820138e+00 7.374340383458195980e+00 7.456627511603383773e+00 7.534464457491687917e+00
4.406378271101316635e+00 5.365603955308380080e+00 5.926715010298106101e+00 6.324829639515443525e+00 6.633631336599250083e+00 6.885940694505169546e+00 7.099265217024090191e+00 7.284055323722507858e+00 7.447051749494895567e+00 7.592857020806314416e+00 7.724753932456227545e+00 7.845166378712233879e+00 7.955935091602198916e+00 8.058490901231152748e+00 8.153968075796040438e+00 8.243281007929571302e+00 8.327177611670620649e+00 8.406277433701959012e+00 8.481099446646251039e+00
4.260100826613162361e+00 5.207363183918165994e+00 5.761476141286318686e+00 6.154625541223170515e+00 6.459575907268882311e+00 6.708738498591323207e+00 6.919402467873253748e+00 7.101887898528174148e+00 7.262851455959475011e+00 7.406838264573885944e+00 7.537090176618994164e+00 7.656000855896326840e+00 7.765388077084558027e+00 7.866664825178258269e+00 7.960951221942038636e+00 8.049150255833177781e+00 8.132000513012568987e+00 8.210113813264479532e+00 8.284002656658516983e+00
5.043097396048854542e+00 6.069510368940920664e+00 6.669923468336500072e+00 7.095923341832986786e+00 7.426354514763803039e+00 7.696336441228566194e+00 7.924602907561174803e+00 8.122336314725052020e+00 8.296749540624144714e+00 8.452767487655869161e+00 8.593902888251175654e+00 8.722749414120631428e+00 8.841276728153932396e+00 8.951015880453240925e+00 9.053180587051448569e+00 9.148749287617119919e+00 9.238522282522467322e+00 9.323162513516212613e+00 9.403225303752487108e+00
4.369915264808095223e+00 5.374407540622605062e+00 5.961997854238146211e+00 6.378899816437114900e+00 6.702274101119151339e+00 6.966490130052656049e+00 7.189881599484803765e+00 7.383392092251624739e+00 7.554080443668197198e+00 7.706766376933661178e+00 7.844887604437747797e+00 7.970982405867165888e+00 8.086978378798043821e+00 8.194373875299314491e+00 8.294356690549202327e+00 8.387884368066135465e+00 8.475740116522892720e+00 8.558572719482707924e+00 8.636925640282115069e+00
5.483582960808491613e+00 6.599902145443319768e+00 7.252907007290311014e+00 7.716221330078147922e+00 8.075595838473851984e+00 8.369226191925138281e+00 8.617487118380408262e+00 8.832540514712976076e+00 9.022231053772129528e+00 9.191915023108681027e+00 9.345412844625622384e+00 9.485545376559967323e+00 9.614454809754089837e+00 9.733806303015235528e+00 9.844919884955670497e+00 9.948859699347805119e+00 1.004649614697822813e+01 1.013855023840695857e+01 1.022562593900368810e+01
3.929709995743577711e+00 4.934064351444665597e+00 5.521573986965759850e+00 5.938418707145753928e+00 6.261748591468429659e+00 6.525928342666848181e+00 6.749289139711021512e+00 6.942773062846842258e+00 7.113437978187943322e+00 7.266102947169518878e+00 7.404205210172014162e+00 7.530282698367936511e+00 7.646262744667891020e+00 7.753643495412109843e+00 7.853612582690613131e+00 7.947127418547931477e+00 8.034971104119701835e+00 8.117792333889031653e+00 8.196134496573137085e+00
5.044342088027882198e+00 6.051133660514677715e+00 6.640068976461537709e+00 7.057925233001472343e+00 7.382039725880797931e+00 7.646860548948333225e+00 7.870763364534801632e+00 8.064716805488266971e+00 8.235795864895193219e+00 8.388831298367593448e+00 8.527268687266264635e+00 8.653652121435127853e+00 8.769913610747744670e+00 8.877554937021596260e+00 8.977766614314454330e+00 9.071508377975062487e+00 9.159565229451654744e+00 9.242587437381988735e+00 9.321119709097670736e+00
5.298764781930960233e+00 6.330913452120390694e+00 6.934681719350415996e+00 7.363062122309822044e+00 7.695339777344430310e+00 7.966830389539847346e+00 8.196372431482469523e+00 8.395210792499252506e+00 8.570598656769872647e+00 8.727488447533861660e+00 8.869412526718717160e+00 8.998979059729277807e+00 9.118168716126440643e+00 9.228521101671899984e+00 9.331256714763886961e+00 9.427359462688682967e+00 9.517634117976211172e+00 9.602747326959303109e+00 9.683257515992853115e+00
4.872341527491490076e+00 5.903773066443389617e+00 6.507121838791363189e+00 6.935204605395289157e+00 7.267251395736813890e+00 7.538553377743261841e+00 7.767935935133554182e+00 7.966636144347187809e+00 8.141902150091235413e+00 8.298682934688713431e+00 8.440508405801416814e+00 8.569984916695160493e+00 8.689091760772489792e+00 8.799367474085453722e+00 8.902031707036686115e+00 8.998067683299087349e+00 9.088279616251030646e+00 9.173333689043134953e+00 9.253787940038721516e+00
3.938887778240655724e+00 4.967473229793107237e+00 5.569157147738629021e+00 5.996058681345558306e+00 6.327189236192696242e+00 6.597742599291080090e+00 6.826492208413273310e+00 7.024644132898009374e+00 7.199426517236600986e+00 7.355774687745147311e+00 7.497208811811527873e+00 7.626328050843531159e+00 7.745106236667436583e+00 7.855077659965724379e+00 7.957458605690669096e+00 8.053229584450461331e+00 8.143192590512001061e+00 8.228011968789052943e+00 8.308244217818106847e+00
4.388031925605074157e+00 5.452907887032171885e+00 6.075820392386411584e+00 6.517783848459268725e+00 6.860597338012842883e+00 7.140696353813509312e+00 7.377516697298259096e+00 7.582659809886365565e+00 7.763608859167749010e+00 7.925473299439939723e+00 8.071897496492765001e+00 8.205572315240607040e+00 8.328541228163587107e+00 8.442392658725356824e+00 8.548385804794179421e+00 8.647535771313462405e+00 8.740672848479064783e+00 8.828484820594846738e+00 8.911547820555931310e+00
4.046817299554054337e+00 5.088972656117596749e+00 5.698594459632955633e+00 6.131128012681140049e+00 6.466627101196301020e+00 6.740749816196498045e+00 6.972517269351413916e+00 7.173283369244682461e+00 7.350371619711856042e+00 7.508782457759843432e+00 7.652082491582200774e+00 7.782905172760040458e+00 7.903250373455279920e+00 8.014672625914956328e+00 8.118404261275202316e+00 8.215438725808224874e+00 8.306588594317533492e+00 8.392526976275398454e+00 8.473817711982936984e+00
5.062419567304147883e+00 6.084911142152509278e+00 6.683030370742119253e+00 7.107402717000870673e+00 7.436571481730181787e+00 7.705521945590480648e+00 7.932916322717125546e+00 8.129894291849231180e+00 8.303641174180091511e+00 8.459063056578543183e+00 8.599659251124812442e+00 8.728013520438841155e+00 8.846088002337658907e+00 8.955407897565486053e+00 9.057182285168153157e+00 9.152385866697592576e+00 9.241815884988364260e+00 9.326132749028452906e+00 9.405889660366762328e+00
5.552213397615950896e+00 6.618970940932911162e+00 7.242984101134756436e+00 7.685728484249870540e+00 8.029147707876623130e+00 8.309741644451717590e+00 8.546980437488896243e+00 8.752486027566831694e+00 8.933754804653561976e+00 9.095905251193583396e+00 9.242588172386488665e+00 9.376499187768676080e+00 9.499685380532646661e+00 9.613737980805856509e+00 9.719918411395429558e+00 9.819243570883790184e+00 9.912545216547524518e+00 1.000051234797052224e+01 1.008372211604555346e+01
4.638812508404103419e+00 5.591022510331168149e+00 6.148029654270121824e+00 6.543232512258233768e+00 6.849775664111305673e+00 7.100239656197186555e+00 7.312003944146530543e+00 7.495442514185299387e+00 7.657246800136139342e+00 7.801985666038370404e+00 7.932917896653274070e+00 8.052449658124251286e+00 8.162408219546220423e+00 8.264213946073596162e+00 8.358992809977323191e+00 8.447652516112365007e+00 8.530935508347896601e+00 8.609456802063204961e+00 8.683731574166253964e+00
4.899243206170912579e+00 5.917951360339989364e+00 6.513857429707766933e+00 6.936659514509067037e+00 7.264610289826939571e+00 7.532565583876843718e+00 7.759118556917688814e+00 7.955367668678144710e+00 8.128471653244620398e+00 8.283318443996016356e+00 8.423394404867057261e+00 8.551273738045921391e+00 8.668911321052364727e+00 8.777826711086765599e+00 8.879224513363793037e+00 8.974075822847222383e+00 9.063174932415737572e+00 9.147179807413698072e+00 9.226641602435066147e+00
3.748207069274176906e+00 4.710930691192985797e+00 5.274087908573941164e+00 5.673654313111794245e+00 5.983582094619177560e+00 6.236811530492749611e+00 6.450913967849068342e+00 6.636377935030602693e+00 6.799968747873704977e+00 6.946305716537986008e+00 7.078683606949121909e+00 7.199535152411558059e+00 7.310707797415184395e+00 7.413637589767876790e+00 7.509462933918941374e+00 7.599101556949411140e+00 7.683304100261247882e+00 7.762692369792513425e+00 7.837787230665144378e+00
3.558165454974163033e+00 4.553451694786672554e+00 5.135656822560754620e+00 5.548737934599182964e+00 5.869148537649630626e+00 6.130943062373265029e+00 6.352287179168017772e+00 6.544024174411692485e+00 6.713148190147347094e+00 6.864434777462140147e+00 7.001290142576182873e+00 7.126229302185774550e+00 7.241162187695674213e+00 7.347573418980527293e+00 7.446639905236222212e+00 7.539310414224202894e+00 7.626360976615571552e+00 7.708434429959856615e+00 7.786069256825534524e+00
5.084827776396389609e+00 6.089896770408345539e+00 6.677824442542876326e+00 7.094965764420301468e+00 7.418525710892928338e+00 7.682893436554832256e+00 7.906413163743339467e+00 8.100034758432258286e+00 8.270821108689363044e+00 8.423594704904884267e+00 8.561795233193331356e+00 8.687962430566788186e+00 8.804025001310343157e+00 8.911482157755294509e+00 9.011522377039415943e+00 9.105103752444213328e+00 9.193009942313119964e+00 9.275890102701319861e+00 9.354288008968843826e+00
5.504382387412357858e+00 6.540008955278027614e+00 7.145811662229997197e+00 7.575635523143697370e+00 7.909032811151429421e+00 8.181438230095666952e+00 8.411753730123669115e+00 8.611262091009367126e+00 8.787240937047638312e+00 8.944659379017100065e+00 9.087061681387680778e+00 9.217064797961336708e+00 9.336656072304622356e+00 9.447380297989338871e+00 9.550462085969069648e+00 9.646888658875036882e+00 9.737467500974904766e+00 9.822867504913308068e+00 9.903648978702086936e+00
4.853035129860029606e+00 5.873336452974166733e+00 6.470174466432116134e+00 6.893637776088303859e+00 7.222101437249492939e+00 7.490475789546253260e+00 7.717383071286388230e+00 7.913939099202440985e+00 8.087313803004203550e+00 8.242402760363630065e+00 8.382697787578544890e+00 8.510777112660390387e+00 8.628598670383489377e+00 8.737684394400524468e+00 8.839240773821579467e+00 8.934240422316577224e+00 9.023478874967620911e+00 9.107615126118339788e+00 9.187201192319465193e+00
4.888686213861199725e+00 5.867306473665911959e+00 6.439762628097664532e+00 6.845926733470624193e+00 7.160972089327731105e+00 7.418382887902376766e+00 7.636020617049251058e+00 7.824546993275337314e+00 7.990839042334129338e+00 8.139592349132444227e+00 8.274156083268668027e+00 8.397003147707088999e+00 8.510011492220112217e+00 8.614640876853963292e+00 8.712048503564195912e+00 8.803167253080049548e+00 8.888760161507715196e+00 8.969459302138842460e+00 9.045794140698948382e+00
3.832263711352543289e+00 4.808955373587052051e+00 5.380283370761253181e+00 5.785647035821560813e+00 6.100071521937088015e+00 6.356975032995762831e+00 6.574183856659215230e+00 6.762338698056070463e+00 6.928303030169963961e+00 7.076763184171596777e+00 7.211061729346023519e+00 7.333666695230271593e+00 7.446452330662364893e+00 7.550875518893723992e+00 7.648091181345797906e+00 7.739030360290579225e+00 7.824454588095126617e+00 7.904994692404472723e+00 7.981179095509463473e+00
3.199515105367414680e+00 4.170927719808610767e+00 4.739167671984209740e+00 5.142340334249807299e+00 5.455065346566413176e+00 5.710580286425406271e+00 5.926615089867753206e+00 6.113752948691003830e+00 6.278820238601004355e+00 6.426477961007609707e+00 6.560050618508411091e+00 6.681992900866601914e+00 6.794168926548897147e+00 6.898027704308948849e+00 6.994717913183208680e+00 7.085165563132200361e+00 7.170128070417647770e+00 7.250232853042200887e+00 7.326005477158338053e+00
4.756495887036225945e+00 5.785738876322478852e+00 6.387807429185082597e+00 6.814981865608730871e+00 7.146324100325827544e+00 7.417050418471334616e+00 7.645946259002268874e+00 7.844224854894982890e+00 8.019118971333940138e+00 8.175567089612080451e+00 8.317091627433855550e+00 8.446293407757586635e+00 8.565147524209340446e+00 8.675189248288520005e+00 8.777635642474685085e+00 8.873467844181234909e+00 8.963488360361203888e+00 9.048361960620191269e+00 9.128645499244218087e+00
3.861420072085554267e+00 4.904231162284329315e+00 5.514236545386760113e+00 5.947042252483104363e+00 6.282752440078208878e+00 6.557047635585534273e+00 6.788960918931341126e+00 6.989853342681879411e+00 7.167053018687965071e+00 7.325563530276983926e+00 7.468953729784826301e+00 7.599858725784309321e+00 7.720279648775114190e+00 7.831772009130116174e+00 7.935568913379414724e+00 8.032664432880654459e+00 8.123871653716802754e+00 8.209864108886739231e+00 8.291205993465030843e+00
4.671659639553262799e+00 5.688766902312682561e+00 6.283736510238082218e+00 6.705874165072102322e+00 7.033309568468341766e+00 7.300843772997501979e+00 7.527040719921456180e+00 7.722981427831521195e+00 7.895813380922901636e+00 8.050416831227760639e+00 8.190272663888832128e+00 8.317951035756921740e+00 8.435403752277986555e+00 8.544147982680875941e+00 8.645386439153162073e+00 8.740088690590940956e+00 8.829047781648235116e+00 8.912920643682321398e+00 8.992257565152295129e+00
4.367954631636162155e+00 5.367331132455479548e+00 5.951928909536706058e+00 6.366707633274797828e+00 6.688435006258758975e+00 6.951305410356024339e+00 7.173559170199979462e+00 7.366084134094115221e+00 7.535903187437250850e+00 7.687811507078077256e+00 7.825229297493613068e+00 7.950681911175342620e+00 8.066087128644829463e+00 8.172935671019297743e+00 8.272409284159303766e+00 8.365460634913432614e+00 8.452868943153912795e+00 8.535279688256569131e+00 8.613233565755518129e+00
4.803223134261732419e+00 5.815280400850397768e+00 6.407295950387121408e+00 6.827337667439064006e+00 7.153147335188863920e+00 7.419353216975786758e+00 7.644427083023587421e+00 7.839394934027729356e+00 8.011368766512511286e+00 8.165204601777530158e+00 8.304366042170197915e+00 8.431410483564452107e+00 8.548280040579737005e+00 8.656484349612252771e+00 8.757220151314253798e+00 8.851452200616394705e+00 8.939969604660291225e+00 9.023426033101175747e+00 9.102369042184234260e+00
5.323003487328321626e+00 6.359765368639316740e+00 6.966232191383366690e+00 7.396527249950311855e+00 7.730290027252598506e+00 8.002994072694361805e+00 8.233562057828445191e+00 8.433289131261307858e+00 8.609460895438411754e+00 8.767051908563594509e+00 8.909610320533467132e+00 9.039755954005357808e+00 9.159478331186209132e+00 9.270323939139441194e+00 9.373518731307644458e+00 9.470051012572302085e+00 9.560729152411809650e+00 9.646222776749407757e+00 9.727092807838831234e+00
3.456406656219246365e+00 4.474961736135697699e+00 5.070778262805862191e+00 5.493516816052149920e+00 5.821418312467497636e+00 6.089333342722313525e+00 6.315852273209472401e+00 6.512071895968601254e+00 6.685149869392478905e+00 6.839973392383948969e+00 6.980028305005857803e+00 7.107888422638764858e+00 7.225508329056458123e+00 7.334407353125924622e+00 7.435789919054113462e+00 7.530626975885052588e+00 7.619712697144511715e+00 7.703704949308930239e+00 7.783154804154071016e+00
5.549995779035461041e+00 6.590601080095390252e+00 7.199316159267096893e+00 7.631206381155318574e+00 7.966206463255231185e+00 8.239921460327025216e+00 8.471344192885286617e+00 8.671811682215247785e+00 8.848636539498732745e+00 9.006811764315159508e+00 9.149898660043762177e+00 9.280526761386955314e+00 9.400692965985790295e+00 9.511949493945214940e+00 9.615526843486867037e+00 9.712416983275176108e+00 9.803431279526041209e+00 9.889241840558661067e+00 9.970411668043176689e+00
5.009665883336999137e+00 6.035256437272876973e+00 6.635188452419202854e+00 7.060846991208753920e+00 7.391013404371805429e+00 7.660779006355080689e+00 7.888862572944669083e+00 8.086437545144631756e+00 8.260711021501407458e+00 8.416603958307682376e+00 8.557626273398513561e+00 8.686369560290957637e+00 8.804801903671643615e+00 8.914453126880546918e+00 9.016535973454010033e+00 9.112028099080509591e+00 9.201729162887250624e+00 9.286301575437285294e+00 9.366300214929060175e+00
4.087043476543607667e+00 5.080778679422378374e+00 5.662076508752988957e+00 6.074513882301148193e+00 6.394425162986417277e+00 6.655811711631759664e+00 6.876810889567235741e+00 7.068249085179918900e+00 7.237109540962370247e+00 7.388160365865187984e+00 7.524802457935375166e+00 7.649546914510529483e+00 7.764300690591205978e+00 7.870546092446005559e+00 7.969458195195798567e+00 8.061984288058688719e+00 8.148899192352947907e+00 8.230844743841140954e+00 8.308358585929779494e+00
3.762498391275011400e+00 4.766888581723522478e+00 5.354419179228081305e+00 5.771278772172033555e+00 6.094620192706677209e+00 6.358809369676592382e+00 6.582178136097012633e+00 6.775668962620544633e+00 6.946339967181152097e+00 7.099010383155188286e+00 7.237117573561727468e+00 7.363199560125103460e+00 7.479183744521977317e+00 7.586568326545524599e+00 7.686540980659748001e+00 7.780059153069055711e+00 7.867905972849651874e+00 7.950730157629663175e+00 8.029075115514084260e+00
5.688459001196245701e+00 6.741272891673355971e+00 7.357129537840815914e+00 7.794086782150466242e+00 8.133017152182715037e+00 8.409943428317927072e+00 8.644081258637775989e+00 8.846900672627576512e+00 9.025800074485387015e+00 9.185831042659824419e+00 9.330596662453306323e+00 9.462757318795036454e+00 9.584333337328390101e+00 9.696895149114887147e+00 9.801687688827284362e+00 9.899714563104685894e+00 9.991796657273638971e+00 1.007861396496249640e+01 1.016073609308954495e+01
4.158407629438588771e+00 5.169757906326379882e+00 5.761359893399696119e+00 6.181108183214170992e+00 6.506690251116463486e+00 6.772710170287487230e+00 6.997626807183849884e+00 7.192458460101962103e+00 7.364312157360802580e+00 7.518040528004254597e+00 7.657104754821798309e+00 7.784060447175277453e+00 7.900848362987161977e+00 8.008977084071640107e+00 8.109642515077570835e+00 8.203808736989753214e+00 8.292264305705677074e+00 8.375662434248594579e+00 8.454550296359025552e+00
4.877105489152830486e+00 5.886513022251433469e+00 6.476978577059565367e+00 6.895920555350036452e+00 7.220877199445421724e+00 7.486386110158168350e+00 7.710870695559217225e+00 7.905328088448638546e+00 8.076851664966300248e+00 8.230284732544024706e+00 8.369081825244810702e+00 8.495793643256771333e+00 8.612357216421719031e+00 8.720278228657820208e+00 8.820750287352156604e+00 8.914735621547242417e+00 9.003021272371540817e+00 9.086259198064903231e+00 9.164995521279601931e+00
4.343822455494230184e+00 5.372719594822371825e+00 5.974585838428605911e+00 6.401616734150514354e+00 6.732847630049480614e+00 7.003482977756748440e+00 7.232301903878078697e+00 7.430513873478656883e+00 7.605349221362982526e+00 7.761744769377623143e+00 7.903221751611470225e+00 8.032380117084890969e+00 8.151194295745836982e+00 8.261199043206220338e+00 8.363611012983856341e+00 8.459411012806798524e+00 8.549401279966785339e+00 8.634246360691124167e+00 8.714502922149643283e+00
4.648903465125250989e+00 5.607366729863651145e+00 6.168031798054389725e+00 6.565829994602052189e+00 6.874386247438806663e+00 7.126495062792789881e+00 7.339650029000000409e+00 7.524293259340452344e+00 7.687160130983528461e+00 7.832849512177207707e+00 7.964641588463604371e+00 8.084958327531190037e+00 8.195638998342408499e+00 8.298113293738401453e+00 8.393514580367945399e+00 8.482756524078853388e+00 8.566586444446949500e+00 8.645623395721928617e+00 8.720385938032466200e+00
3.919457557850254847e+00 4.887179009184914769e+00 5.453259769359143583e+00 5.854900460519574246e+00 6.166437183729374993e+00 6.420981220693803948e+00 6.636195137435340285e+00 6.822621911854233723e+00 6.987061980868032762e+00 7.134158635064034470e+00 7.267223744630951110e+00 7.388702672028463425e+00 7.500452452466172204e+00 7.603916588769999763e+00 7.700239395238263285e+00 7.790343363188894088e+00 7.874983030861525179e+00 7.954783432202692239e+00 8.030268136324313133e+00
4.960333327943806658e+00 5.925621856292709211e+00 6.490279447753127151e+00 6.890910384641610875e+00 7.201663881589599470e+00 7.455567976102029704e+00 7.670240829209839184e+00 7.856198912990513428e+00 8.020225567562448532e+00 8.166952409938501134e+00 8.299682984021865551e+00 8.420856504450933144e+00 8.532325337712048707e+00 8.635529357558741737e+00 8.731610001398919962e+00 8.821487441339415980e+00 8.905914318655170803e+00 8.985514095911350196e+00 9.060809025928577398e+00
3.520058605364728699e+00 4.559682872914184060e+00 5.167824084270313811e+00 5.599307140463639421e+00 5.933991400314504894e+00 6.207448351819769172e+00 6.438652909960223880e+00 6.638931408013094781e+00 6.815589563175898924e+00 6.973615667863961143e+00 7.116567668027955484e+00 7.247072619369224533e+00 7.367125536948075037e+00 7.478277177509679241e+00 7.581756879220090894e+00 7.678555675562551031e+00 7.769484167835228661e+00 7.855213830725354285e+00 7.936307135131695389e+00
3.781575865947430781e+00 4.840718532205750435e+00 5.460277274880689369e+00 5.899861198464069645e+00 6.240828979226531459e+00 6.519419941139008579e+00 6.754965243228936878e+00 6.959003864722387966e+00 7.138978683813947512e+00 7.299971645484850669e+00 7.445607494249270708e+00 7.578562607397327788e+00 7.700869455347570280e+00 7.814107909487256975e+00 7.919530388159789602e+00 8.018146530980708064e+00 8.110782157861120112e+00 8.198121350072266722e+00 8.280737138608142089e+00
2.774041316858166795e+00 3.719622990921578776e+00 4.272752811617809954e+00 4.665204664984990757e+00 4.969613971876627900e+00 5.218334485681221935e+00 5.428624683747555579e+00 5.610786339048402738e+00 5.771464306377452225e+00 5.915195645940039881e+00 6.045216458117121938e+00 6.163916159744633916e+00 6.273109300308761682e+00 6.374206357810967560e+00 6.468325466636271059e+00 6.556368013111814719e+00 6.639071272959653491e+00 6.717045980440864206e+00 6.790803726320179479e+00
5.785893815962229958e+00 6.832913577635022939e+00 7.445380875727608760e+00 7.879933339307815920e+00 8.216998416492558022e+00 8.492400637400400853e+00 8.725249897385923603e+00 8.926953100980608014e+00 9.104867935492986675e+00 9.264018178165351003e+00 9.407987084831177071e+00 9.539420399073193835e+00 9.660327327734853142e+00 9.772269659058716584e+00 9.876485476257936824e+00 9.973972862653400995e+00 1.006554818585455635e+01 1.015188769716577966e+01 1.023355786869123207e+01
4.409203283740651180e+00 5.389379979050050729e+00 5.962746589886835480e+00 6.369556674359449389e+00 6.685103090533395687e+00 6.942923285196235028e+00 7.160907153803649727e+00 7.349733369668848937e+00 7.516289896033019780e+00 7.665279785842794347e+00 7.800057535345403359e+00 7.923099980505633688e+00 8.036288057859831468e+00 8.141083849113048387e+00 8.238646396679579098e+00 8.329910064978248485e+00 8.415639103677376553e+00 8.496466591342418440e+00 8.572922835781659145e+00
4.924116931502302563e+00 5.930180013683751916e+00 6.518689190119846266e+00 6.936243095865201269e+00 7.260123067248382966e+00 7.524752272301295619e+00 7.748493077164837928e+00 7.942306178046649734e+00 8.113261448737389969e+00 8.266186149429831431e+00 8.404523368344500867e+00 8.530815354482744084e+00 8.646992719761982471e+00 8.754556159346286393e+00 8.854695325865927558e+00 8.948369260228099975e+00 9.036362395872762576e+00 9.119324530918840210e+00 9.197799978560736278e+00
5.558154988608658087e+00 6.604316349762660465e+00 7.216281515741154173e+00 7.650477710916662843e+00 7.987266444857740844e+00 8.262442876895157440e+00 8.495101235110828597e+00 8.696639072070665222e+00 8.874408042873650260e+00 9.033427806011742334e+00 9.177278679581446497e+00 9.308604238049158042e+00 9.429412041007475764e+00 9.541262596264830975e+00 9.645392971990236930e+00 9.742800433224667600e+00 9.834300678277518415e+00 9.920569404027652638e+00 1.000217261815633663e+01
5.346235929819193267e+00 6.399055539066239362e+00 7.014915530499661322e+00 7.451875148313284569e+00 7.790807359378243646e+00 8.067735139746707418e+00 8.301874241877650107e+00 8.504694757560329776e+00 8.683595131180130267e+00 8.843626968625288853e+00 8.988393374769787059e+00 9.120554748993752625e+00 9.242131427914745956e+00 9.354693851124695314e+00 9.459486960058711702e+00 9.557514366807376760e+00 9.649596961156195363e+00 9.736414740427175474e+00 9.818537314632642676e+00
3.880206337921510595e+00 4.844242922192186995e+00 5.408168173313843141e+00 5.808279506462863395e+00 6.118629967438842243e+00 6.372204757584519541e+00 6.586599187817394174e+00 6.772316090733539795e+00 6.936130008706175687e+00 7.082666551709518643e+00 7.215224979070587352e+00 7.336241341855195941e+00 7.447565604097793113e+00 7.550635772088070574e+00 7.646591802831174789e+00 7.736352675004216195e+00 7.820670053733801197e+00 7.900166592976852087e+00 7.975363868211092111e+00
5.252962246934258950e+00 6.274210562320247320e+00 6.871602530745701820e+00 7.295458877706234802e+00 7.624227402285373323e+00 7.892850846131690190e+00 8.119968731776149085e+00 8.316707193092222283e+00 8.490242814557145579e+00 8.645475717671361693e+00 8.785900959660619236e+00 8.914099161517677672e+00 9.032030075273247860e+00 9.141217047162136566e+00 9.242867686096817081e+00 9.337955508478209765e+00 9.427276787763991805e+00 9.511491129943133060e+00 9.591151063920309028e+00
4.264610647937155719e+00 5.255110660849345194e+00 5.834516025366796477e+00 6.245610673761533782e+00 6.564480455904262435e+00 6.825016038278985064e+00 7.045295734484309236e+00 7.236110686673722370e+00 7.404421402796436347e+00 7.554980468816451022e+00 7.691177710866233141e+00 7.815516051191173652e+00 7.929896236536683851e+00 8.035795747396498712e+00 8.134385833333903193e+00 8.226610699585911846e+00 8.313242644973708906e+00 8.394921415708624934e+00 8.472182904853069019e+00
4.376281096460233222e+00 5.381198478289003440e+00 5.969037462981718001e+00 6.386115860117774545e+00 6.709626998369106587e+00 6.973954844810489107e+00 7.197440854598473159e+00 7.391033241946545651e+00 7.561793829503204556e+00 7.714544380197877693e+00 7.852724061276893153e+00 7.978872226639260212e+00 8.094917289629774970e+00 8.202358236427244265e+00 8.302383364890593143e+00 8.395950623775316757e+00 8.483843553211913857e+00 8.566711211331975662e+00 8.645097291468362144e+00
3.450206828885099775e+00 4.431703893781652859e+00 5.005842871314015952e+00 5.413200958678206831e+00 5.729172438917891519e+00 5.987339936210569924e+00 6.205617445007530542e+00 6.394698023574759915e+00 6.561478913742932129e+00 6.710669503814445491e+00 6.845628808787940223e+00 6.968837001107123008e+00 7.082177551067211141e+00 7.187114509904084514e+00 7.284808481346808584e+00 7.376195088471313888e+00 7.462039610446034921e+00 7.542975978639486101e+00 7.619535215223293356e+00
4.457938367952734460e+00 5.453556135864546128e+00 6.035955195144655505e+00 6.449173903776358685e+00 6.769691235036216170e+00 7.031572963056467174e+00 7.252990809187965127e+00 7.444791671688170354e+00 7.613972022336576551e+00 7.765309002948027839e+00 7.902209954343947018e+00 8.027190730968278842e+00 8.142161900420584075e+00 8.248608577099776795e+00 8.347708062228138104e+00 8.440409439599982022e+00 8.527488998380871266e+00 8.609589790248389107e+00 8.687250477138610094e+00
4.749852019845882900e+00 5.811148583173223692e+00 6.431967274863954032e+00 6.872445146500564483e+00 7.214106327243039907e+00 7.493263838191294823e+00 7.729288150665712287e+00 7.933741709827905275e+00 8.114082529882024275e+00 8.275402890570379810e+00 8.421334907771585776e+00 8.554560401518635615e+00 8.677115975509016366e+00 8.790584713993052191e+00 8.896221582261111038e+00 8.995038273155245179e+00 9.087862285993075773e+00 9.175379093209365067e+00 9.258162891127215133e+00
4.978445156963293705e+00 6.034098268669140452e+00 6.651615752786662839e+00 7.089751380374988088e+00 7.429595775488366804e+00 7.707268864492510474e+00 7.942038116096129308e+00 8.145404492080833947e+00 8.324786348610032860e+00 8.485248887194213552e+00 8.630404909911352007e+00 8.762921976198356333e+00 8.884825860098844785e+00 8.997691227801976055e+00 9.102766371311735938e+00 9.201057603786681582e+00 9.293388024311237672e+00 9.380439460315878719e+00 9.462783054830895324e+00
4.445307339159718651e+00 5.439214295311173508e+00 6.020612593865680928e+00 6.433121251462628365e+00 6.753087824351763580e+00 7.014519550017135785e+00 7.235556924578797400e+00 7.427028207614083222e+00 7.595917848571644093e+00 7.746994780503218436e+00 7.883660489253616177e+00 8.008426506168591530e+00 8.123200115839280144e+00 8.229463880730252257e+00 8.328393079057725856e+00 8.420935163765538078e+00 8.507865090089021365e+00 8.589824804723098950e+00 8.667352043998452160e+00
4.369681226392569506e+00 5.427659256251236464e+00 6.046536730305404284e+00 6.485637286109903421e+00 6.826230137694989430e+00 7.104514760164072129e+00 7.339801055945105901e+00 7.543615315968571267e+00 7.723392234218239949e+00 7.884208167553656388e+00 8.029683874709236946e+00 8.162492790022739086e+00 8.284665149002243822e+00 8.397779085803772858e+00 8.503085641607825096e+00 8.601593345827238224e+00 8.694127110299113781e+00 8.781370264076906906e+00 8.863895208048042207e+00
5.090596812547374839e+00 6.087774107588648675e+00 6.671085431758350559e+00 7.084951402629922512e+00 7.405970789487493100e+00 7.668262726799625284e+00 7.890027399945583220e+00 8.082128697671196349e+00 8.251574050969326279e+00 8.403148084528767825e+00 8.540263476400371090e+00 8.665440021840899121e+00 8.780591281146604032e+00 8.887204694986857945e+00 8.986459408698470597e+00 9.079305992712471962e+00 9.166521952167109077e+00 9.248751346010600116e+00 9.326533679934454923e+00
5.344070826807047148e+00 6.375154883254777971e+00 6.978300391368156497e+00 7.406238939702508794e+00 7.738173865663460660e+00 8.009384447815888208e+00 8.238689727730704959e+00 8.437322996150239618e+00 8.612529955929264958e+00 8.769257922111190595e+00 8.911035613155132040e+00 9.040468504263618144e+00 9.159535222028262424e+00 9.269773784178434894e+00 9.372403430224569121e+00 9.468407052597971330e+00 9.558588593742815220e+00 9.643614012376996669e+00 9.724041158864382695e+00
4.952713864966590940e+00 5.974904955326822531e+00 6.572848411758829279e+00 6.997096045687055010e+00 7.326168076017559372e+00 7.595039502119060870e+00 7.822367053772817158e+00 8.019287136047285713e+00 8.192982958551068506e+00 8.348359166377791851e+00 8.488914043248112051e+00 8.617230592479293350e+00 8.735270375265542953e+00 8.844558144133047861e+00 8.946302622809797711e+00 9.041478226407518193e+00 9.130881963471207285e+00 9.215174048911299209e+00 9.294907521704717013e+00
4.120765675082058266e+00 5.166213414801798187e+00 5.777761139001537316e+00 6.211661154521537220e+00 6.548220153673812050e+00 6.823208878721277237e+00 7.055708532938266053e+00 7.257108894241277142e+00 7.434756602921016366e+00 7.593667893393551971e+00 7.737420641501421059e+00 7.868656618441016271e+00 7.989382014381813946e+00 8.101156272658005975e+00 8.205215617593291100e+00 8.302556633961016175e+00 8.393994463655650051e+00 8.480204342640755399e+00 8.561751892504949168e+00
5.108737165907693445e+00 6.092591426135128607e+00 6.668109274542931786e+00 7.076445686362563769e+00 7.393176014004397167e+00 7.651963534770366948e+00 7.870765265944526412e+00 8.060299946589998044e+00 8.227481383178171015e+00 8.377030274231831442e+00 8.512313701869489435e+00 8.635817794997802110e+00 8.749430547315615314e+00 8.854619526171960686e+00 8.952548122639635508e+00 9.044154206817433206e+00 9.130204895793175623e+00 9.211335643405606177e+00 9.288078747146499836e+00
4.312918826029201291e+00 5.283849231797165480e+00 5.851807109981400856e+00 6.254779637565130557e+00 6.567349413362224553e+00 6.822737515749365933e+00 7.038665079637283384e+00 7.225710043333094745e+00 7.390695393933601309e+00 7.538279819130189630e+00 7.671786171239238783e+00 7.793667921517330122e+00 7.905788263083824319e+00 8.009595485405247572e+00 8.106237697314425006e+00 8.196640449101058934e+00 8.281560781045870456e+00 8.361625799701565498e+00 8.437360810329881389e+00
4.054117864489819034e+00 5.093640651274198738e+00 5.701722500188215470e+00 6.133163438058579331e+00 6.467815028400076827e+00 6.741245286972595174e+00 6.972427276559986176e+00 7.172686224842959035e+00 7.349327135886611906e+00 7.507337815184456531e+00 7.650275861385661180e+00 7.780768073756975767e+00 7.900809272619452983e+00 8.011950063344366768e+00 8.115419664098473262e+00 8.212209011627338739e+00 8.303128628103971565e+00 8.388849922670992498e+00 8.469935311322737803e+00
5.481561834043519710e+00 6.497247336227979453e+00 7.091385267532023917e+00 7.512932838412439196e+00 7.839910537135395430e+00 8.107070769716482772e+00 8.332951527863611929e+00 8.528618340596898051e+00 8.701208701020528125e+00 8.855596039319856061e+00 8.995256374891940965e+00 9.122756271900943403e+00 9.240044807466974319e+00 9.348637030048070784e+00 9.449733970623899637e+00 9.544303842781356906e+00 9.633138582619189094e+00 9.716894203204988756e+00 9.796120223778650882e+00
5.338780390848945068e+00 6.357266068838082873e+00 6.953041997983291367e+00 7.375751746827221567e+00 7.703630900812328264e+00 7.971527675972430060e+00 8.198031171996928990e+00 8.394237424816360260e+00 8.567303605117638554e+00 8.722116578801466957e+00 8.862161948413813661e+00 8.990013353961568754e+00 9.107625246037811095e+00 9.216516849986065907e+00 9.317892507946675451e+00 9.412723102805497177e+00 9.501802753975205462e+00 9.585789283106777248e+00 9.665233724427249484e+00
3.959210223375768223e+00 4.959518934063869899e+00 5.544662018961137306e+00 5.959827644751971576e+00 6.281855122283025672e+00 6.544970729649238095e+00 6.767431805903105335e+00 6.960136355440072364e+00 7.130113814546505502e+00 7.282163832971126460e+00 7.419709805528494684e+00 7.545279440337339771e+00 7.660792306808525964e+00 7.767740516591207012e+00 7.867306917868393867e+00 7.960445066128174041e+00 8.047934908092418738e+00 8.130422525234607178e+00 8.208449117445034915e+00
4.000173926079926723e+00 4.961978585846967604e+00 5.524598244829555860e+00 5.923783245614007598e+00 6.233415187386598610e+00 6.486402904596595853e+00 6.700300971734866273e+00 6.885587905381047591e+00 7.049022563579184997e+00 7.195219847153638604e+00 7.327471377030713384e+00 7.448207564363635846e+00 7.559274090175062355e+00 7.662105631501906267e+00 7.757839506136226859e+00 7.847392565148087584e+00 7.931514733419128937e+00 8.010827223346224102e+00 8.085850402862583053e+00
4.405533890087855120e+00 5.426726365658889328e+00 6.024085669886550143e+00 6.447918841229924425e+00 6.776669389403816801e+00 7.045278145457584351e+00 7.272383612750388693e+00 7.469111316800958633e+00 7.642637449685245166e+00 7.797861864974851009e+00 7.938279428792787584e+00 8.066470621028619448e+00 8.184395086557739063e+00 8.293576088321422901e+00 8.395221169202510936e+00 8.490303792371992841e+00 8.579620187748904669e+00 8.663829925256280262e+00 8.743485503587619334e+00
5.039484678161921138e+00 6.052854560883518253e+00 6.645637941635848200e+00 7.066224443605114480e+00 7.392456679365907668e+00 7.659007824357444427e+00 7.884373606285333125e+00 8.079594326326711595e+00 8.251791205109775262e+00 8.405826562087504783e+00 8.545168491823782020e+00 8.672377707079041542e+00 8.789398841352898728e+00 8.897743489006929352e+00 8.998609942839834730e+00 9.092964209048307822e+00 9.181596418228661349e+00 9.265161087831371489e+00 9.344206484270090485e+00
4.879446380592372456e+00 5.970612083494070355e+00 6.608903101764606269e+00 7.061777786395769141e+00 7.413054682337341994e+00 7.700068804666304167e+00 7.942735787413900184e+00 8.152943489297467039e+00 8.338359822936840970e+00 8.504220385239040780e+00 8.654259514383099372e+00 8.791234507568002954e+00 8.917239286683159349e+00 9.033901490315599858e+00 9.142511403509576695e+00 9.244109192199164937e+00 9.339545644849872374e+00 9.429525525838538869e+00 9.514639191674506336e+00
3.203885228866260260e+00 4.159265324297813038e+00 4.718126854060670894e+00 5.114645419729366260e+00 5.422209113744951736e+00 5.673506949492224116e+00 5.885976242211893528e+00 6.070025515160918594e+00 6.232368479255081972e+00 6.377589209176504959e+00 6.508957338818892602e+00 6.628887044923776450e+00 6.739211679922605391e+00 6.841356337643446750e+00 6.936450738939362815e+00 7.025405610592471817e+00 7.108965868212935746e+00 7.187748574686634306e+00 7.262270622046312241e+00
5.624840630453490142e+00 6.671574179272182548e+00 7.283874053577894969e+00 7.718307728090874953e+00 8.055280665316765010e+00 8.330607602396588263e+00 8.563393210812469292e+00 8.765041276909567358e+00 8.942907476702300684e+00 9.102014214135456527e+00 9.245943765525300506e+00 9.377341151215279780e+00 9.498215028812957428e+00 9.610126759631162585e+00 9.714314088441168948e+00 9.811774825728260652e+00 9.903325115939994205e+00 9.989641025520992201e+00 1.007128887172485854e+01
4.993324649368584112e+00 6.021918321890770365e+00 6.623607048795306262e+00 7.050511994412956618e+00 7.381645195821219474e+00 7.652200721317492516e+00 7.880952158721051148e+00 8.079105666935141983e+00 8.253889448222029301e+00 8.410238868343405727e+00 8.551674122822092272e+00 8.680794393839677880e+00 8.799573528998292815e+00 8.909545831243237402e+00 9.011927595247941625e+00 9.107699339457328236e+00 9.197663064548240897e+00 9.282483120744213778e+00 9.362716011029560192e+00
3.627422711216244267e+00 4.601181018538518686e+00 5.170793113087755799e+00 5.574939325860792216e+00 5.888419482617795353e+00 6.144551420410030218e+00 6.361107888171911640e+00 6.548697633183066635e+00 6.714163514959267332e+00 6.862177789940068884e+00 6.996072988477654242e+00 7.118309727732304637e+00 7.230756627501427225e+00 7.334866195494186059e+00 7.431789884489306885e+00 7.522455940505341054e+00 7.607623608754868094e+00 7.687921822281541750e+00 7.763877416334787007e+00
4.196014092022194220e+00 5.262836028861056725e+00 5.886886856858504657e+00 6.329657965699919231e+00 6.673097919410500012e+00 6.953708793697368051e+00 7.190961907365801764e+00 7.396479902538781737e+00 7.577759621694815984e+00 7.739919856249362518e+00 7.886611631778436937e+00 8.020530730536229669e+00 8.143724359284929548e+00 8.257783844204663382e+00 8.363970684246812226e+00 8.463301839377644242e+00 8.556609117081761084e+00 8.644581558533678489e+00 8.727796349465172909e+00
4.008657445576202072e+00 5.045302117580115819e+00 5.651700377274787357e+00 6.081946789584028679e+00 6.415671833917383715e+00 6.688345049278700216e+00 6.918886967951178413e+00 7.118591461587942426e+00 7.294743308973372642e+00 7.452316505921296574e+00 7.594858801198430598e+00 7.724989721282613964e+00 7.844698563458828211e+00 7.955531639955092160e+00 8.058714765615969000e+00 8.155236133591856174e+00 8.245904021972343401e+00 8.331387980977286389e+00 8.412248869446326438e+00
5.130422278546874715e+00 6.182063666350225084e+00 6.797234442421539846e+00 7.233705054153574565e+00 7.572257962633808681e+00 7.848875830224889327e+00 8.082752904836098651e+00 8.285346441956924934e+00 8.464046606296204089e+00 8.623899350437159939e+00 8.768503746981391345e+00 8.900517218028239697e+00 9.021957839215410502e+00 9.134394292639449020e+00 9.239070126508474701e+00 9.336987829760275304e+00 9.428967373514005601e+00 9.515687994099554459e+00 9.597718664072720784e+00
4.743462960935603157e+00 5.726765930629810875e+00 6.301961294748674725e+00 6.710068900324019481e+00 7.026621752054762027e+00 7.285264264442883331e+00 7.503943392780498378e+00 7.693371870018228087e+00 7.860459628561746293e+00 8.009924721748969745e+00 8.145132344995699825e+00 8.268567234137091049e+00 8.382116324958138520e+00 8.487246362474706984e+00 8.585120085867833595e+00 8.676674839712436693e+00 8.762677311251788836e+00 8.843762598255954899e+00 8.920462699950414631e+00
4.785202702593859492e+00 5.792230212253499211e+00 6.381303542599000345e+00 6.799257721913139818e+00 7.123448169597033086e+00 7.388331052258640952e+00 7.612286338484262060e+00 7.806285231572780425e+00 7.977404382604142974e+00 8.130475679256672805e+00 8.268945510347995409e+00 8.395358561918280671e+00 8.511647296599104351e+00 8.619313848143901780e+00 8.719549009602173939e+00 8.813312741232421033e+00 8.901390228444507002e+00 8.984431892263783581e+00 9.062982567671621581e+00
4.886507879882999283e+00 5.938115824748514626e+00 6.553267037955281538e+00 6.989723769614029081e+00 7.328265911872998473e+00 7.604874982820796880e+00 7.838744619976083960e+00 8.041331714479543535e+00 8.220026196027564680e+00 8.379873856738512927e+00 8.524473654760949870e+00 8.656482927686312223e+00 8.777919686976078495e+00 8.890352564841599303e+00 8.995025069945281615e+00 9.092939659345059766e+00 9.184916278084427788e+00 9.271634140893079135e+00 9.353662202233085310e+00
4.421642278198079090e+00 5.409990035341207815e+00 5.988136410941798715e+00 6.398337792484337427e+00 6.716514703027622879e+00 6.976484168084928328e+00 7.196285218918436755e+00 7.386685549627467040e+00 7.554630543685520117e+00 7.704862460170752492e+00 7.840763759468277527e+00 7.964831925228057941e+00 8.078963574066181152e+00 8.184632976061566367e+00 8.283008835771342504e+00 8.375033306770596653e+00 8.461477009753735956e+00 8.542978300828648841e+00 8.620071908616637302e+00
3.818748655716441842e+00 4.833626008793419970e+00 5.427291203174596568e+00 5.848503361870397654e+00 6.175220894690799156e+00 6.442168556251575140e+00 6.667869588161889460e+00 6.863380714947376227e+00 7.035833750632752626e+00 7.190098247767776840e+00 7.329647459989868885e+00 7.457045909328553712e+00 7.574241122084393041e+00 7.682746941238868033e+00 7.783763442148954326e+00 7.878258068024354799e+00 7.967022124845091646e+00 8.050711103709730310e+00 8.129874086622937313e+00
4.740143290632278017e+00 5.762836968545077987e+00 6.361074419848667283e+00 6.785530646457879733e+00 7.114764473841697523e+00 7.383768097761468141e+00 7.611207421077973656e+00 7.808224324370679703e+00 7.982005549065056549e+00 8.137458151754497493e+00 8.278082136184288231e+00 8.406461775674268111e+00 8.524559595872599260e+00 8.633901098990774514e+00 8.735695603058086789e+00 8.830918002283480561e+00 8.920365697082493384e+00 9.004699226977857407e+00 9.084471902862876647e+00
5.169136504785138975e+00 6.168680565815229500e+00 6.753376359336371593e+00 7.168224626845320913e+00 7.490005942168715514e+00 7.752920420366463006e+00 7.975211444331411492e+00 8.167768687875412326e+00 8.337616213887605099e+00 8.489550003198807815e+00 8.626990833733763964e+00 8.752464481396554419e+00 8.867889048252932227e+00 8.974755505361502017e+00 9.074245796719949908e+00 9.167312748905503739e+00 9.254735712438098005e+00 9.337160274917696512e+00 9.415127222533996587e+00
5.155492756469463700e+00 6.234296849992706946e+00 6.865356790328282166e+00 7.313100943515949304e+00 7.660398290100574492e+00 7.944160883851525412e+00 8.184078738357831284e+00 8.391905037039192550e+00 8.575220824187102409e+00 8.739202383623817738e+00 8.887541747919117441e+00 9.022964977374767770e+00 9.147542272236067973e+00 9.262882831881073642e+00 9.370262323959392958e+00 9.470709130562434908e+00 9.565064401734474586e+00 9.654024917710344766e+00 9.738174346962413352e+00
4.926617635008369689e+00 6.000149176869372880e+00 6.628124872199424367e+00 7.073680718730376960e+00 7.419280682803182536e+00 7.701656414060428446e+00 7.940401693035947339e+00 8.147212260591381039e+00 8.329632109390479044e+00 8.492812224664186616e+00 8.640426594526775972e+00 8.775187955921433414e+00 8.899156391188075332e+00 9.013933234896951419e+00 9.120787919994237214e+00 9.220743802452384230e+00 9.314637921275405574e+00 9.403163651251484012e+00 9.486901808229241340e+00
2.732479088136352097e+00 3.685529594196965242e+00 4.243028401535745786e+00 4.638580100257579275e+00 4.945393834005109568e+00 5.196078907596358931e+00 5.408030117295106187e+00 5.591630606318192420e+00 5.753577714935138587e+00 5.898444340065722713e+00 6.029492142960715562e+00 6.149129413656972964e+00 6.259185034157513705e+00 6.361080623355719332e+00 6.455943147404502369e+00 6.544681112378806453e+00 6.628037617493941269e+00 6.706628220995752621e+00 6.780968554532565307e+00
3.922033313746897676e+00 4.959885170878219007e+00 5.566989588603853178e+00 5.997737028009541227e+00 6.331850699151138073e+00 6.604841445735175398e+00 6.835651833231138674e+00 7.035588885140862558e+00 7.211945863460808681e+00 7.369702556282460293e+00 7.512410843768430269e+00 7.642693302866496730e+00 7.762541547422134869e+00 7.873503690362460894e+00 7.976806974008093576e+00 8.073440742272184778e+00 8.164214214493830113e+00 8.249797720592130901e+00 8.330752772533561057e+00
3.499751446994702420e+00 4.497006673380453456e+00 5.080363584464304694e+00 5.494261899766203605e+00 5.815306374913033594e+00 6.077618810850055731e+00 6.299400815336410275e+00 6.491517126151954642e+00 6.660975721933906968e+00 6.812561601298784630e+00 6.949687709004864544e+00 7.074874037235805879e+00 7.190034295836321476e+00 7.296656041722160424e+00 7.395918512382635868e+00 7.488772352537705679e+00 7.575995128089153319e+00 7.658230948319658005e+00 7.736019361084144563e+00
4.775912641888204746e+00 5.791389507964675332e+00 6.385405394969249748e+00 6.806866374041145029e+00 7.133776906939332640e+00 7.400882261045720334e+00 7.626716620103613842e+00 7.822343240117615615e+00 7.994898148050294751e+00 8.149253773015802338e+00 8.288885420387858360e+00 8.416359127122190031e+00 8.533623569971018341e+00 8.642193486180083539e+00 8.743269660020377643e+00 8.837820106194085312e+00 8.926636598125124777e+00 9.010375014126765336e+00 9.089584760559910492e+00
4.194619725039332003e+00 5.206098809937605765e+00 5.797776144866846337e+00 6.217577894835878638e+00 6.543201429655592705e+00 6.809255229765119211e+00 7.034200512586821219e+00 7.229056979734152399e+00 7.400932564694359783e+00 7.554680514553865578e+00 7.693762452926738327e+00 7.820734314663392972e+00 7.937537104865908688e+00 8.045679597485094092e+00 8.146357849483106151e+00 8.240536064632426161e+00 8.329002899262922810e+00 8.412411649592634433e+00 8.491309559051448019e+00
4.681123226599114062e+00 5.667206653795983762e+00 6.244028481288752097e+00 6.653290080992853461e+00 6.970738040110342482e+00 7.230111908485621797e+00 7.449409389499677125e+00 7.639373508189722273e+00 7.806933735978391020e+00 7.956821467307211293e+00 8.092411413258194131e+00 8.216195335682490608e+00 8.330065505999099784e+00 8.435492816696546825e+00 8.533643294799981405e+00 8.625456935386591084e+00 8.711702593639103043e+00 8.793017163175260720e+00 8.869934147539440872e+00
5.677683578466164782e+00 6.731414222715320861e+00 7.347807135461822625e+00 7.785144866964476940e+00 8.124370365792040971e+00 8.401537779710977816e+00 8.635879489121963459e+00 8.838875511213633018e+00 9.017930692457479580e+00 9.178101010041197938e+00 9.322992686708746035e+00 9.455268423960134783e+00 9.576950306668143398e+00 9.689610133371120426e+00 9.794493922787699702e+00 9.892606155462789985e+00 9.984768431521372278e+00 1.007166133670663655e+01 1.015385497393079106e+01
5.271903944247513962e+00 6.264265526369173109e+00 6.844759839066662188e+00 7.256627108490833145e+00 7.576096182062666884e+00 7.837121421188321335e+00 8.057815116277625478e+00 8.248988690612492292e+00 8.417615733885810414e+00 8.568457764184326919e+00 8.704910978560114643e+00 8.829483003309981370e+00 8.944078157487835412e+00 9.050176698399285513e+00 9.148952076881815998e+00 9.241350272734150550e+00 9.328145036254193556e+00 9.409977316007470449e+00 9.487384012226517171e+00
5.498675338009102020e+00 6.536100219707741132e+00 7.142954872816526191e+00 7.573525101406380244e+00 7.907501317160370746e+00 8.180379754515165303e+00 8.411095185910804517e+00 8.610949983105019356e+00 8.787234407623952137e+00 8.944926198859009858e+00 9.087575775718431004e+00 9.217804636213804415e+00 9.337603574834570708e+00 9.448520067609443629e+00 9.551780851967794916e+00 9.648374864803658468e+00 9.739110992540817691e+00 9.824659289322589473e+00 9.905581036107708570e+00
5.377017219368058321e+00 6.433586785320726698e+00 7.051640360806265662e+00 7.490156351273395074e+00 7.830295778756505065e+00 8.108209926758934927e+00 8.343182990841548019e+00 8.546725917226062563e+00 8.726263502244473003e+00 8.886865344709173442e+00 9.032147383114603301e+00 9.164779492711602416e+00 9.286789206198406532e+00 9.399752556794215508e+00 9.504918920194711518e+00 9.603295483178731828e+00 9.695706059395588383e+00 9.782833068197142268e+00 9.865248148445544984e+00
4.444683461132163949e+00 5.486717753124157326e+00 6.096268738404992504e+00 6.528752045116149816e+00 6.864212159544433867e+00 7.138303030396985882e+00 7.370043559708696179e+00 7.570786337108143194e+00 7.747854015677821948e+00 7.906246451536427244e+00 8.049529838553594274e+00 8.180337322388979260e+00 8.300668542884368506e+00 8.412077851700690445e+00 8.515797436817262422e+00 8.612820629100136571e+00 8.703959908958042391e+00 8.789888307669814438e+00 8.871169600036658665e+00
4.622023135985082298e+00 5.634909246807083605e+00 6.227409639139247943e+00 6.647795357629084911e+00 6.973871853623881734e+00 7.240295749961248362e+00 7.465553944685010990e+00 7.660681468451086218e+00 7.832796142293412700e+00 7.986757964445883040e+00 8.126033373841275775e+00 8.253181860783250556e+00 8.370147130424275161e+00 8.478440055507013184e+00 8.579258356778046490e+00 8.673567579273086636e+00 8.762157476388585664e+00 8.845682253115413118e+00 8.924689914130729207e+00
5.060329725811454793e+00 6.145677776929538538e+00 6.780565687064406433e+00 7.231025828047623172e+00 7.580429858433779700e+00 7.865913738182491066e+00 8.107286919263437142e+00 8.316373879165707805e+00 8.500801648317359849e+00 8.665777909551863445e+00 8.815017091075725730e+00 8.951261789300575700e+00 9.076594762175842490e+00 9.192634970381520887e+00 9.300665819686731339e+00 9.401721930283791551e+00 9.496649554580098851e+00 9.586149699435443594e+00 9.670809573818340610e+00
4.126311362774641722e+00 5.167565309226040959e+00 5.776659821628024716e+00 6.208819255677441085e+00 6.544028154952487242e+00 6.817913768079423953e+00 7.049480754456882714e+00 7.250073202128840322e+00 7.427008280481407709e+00 7.585282101403887367e+00 7.728458188159480713e+00 7.859167714530824078e+00 7.979408822894558995e+00 8.090734700908281951e+00 8.194376613805870235e+00 8.291327148580240447e+00 8.382398177200007794e+00 8.468262226932807835e+00 8.549482650387256299e+00
5.293683388864369732e+00 6.326018565533816584e+00 6.929895932060793129e+00 7.358353742203263437e+00 7.690691438913667355e+00 7.962231108730239981e+00 8.191814628300548407e+00 8.390688918872710289e+00 8.566108475257216526e+00 8.723026615583114207e+00 8.864976340066174743e+00 8.994566285399686834e+00 9.113777479046193619e+00 9.224149804969995259e+00 9.326903982110090752e+00 9.423024095542157141e+00 9.513315063216339240e+00 9.598443651926663378e+00 9.678968388934158895e+00
5.036597392345105284e+00 6.075705510311381730e+00 6.683544793516589699e+00 7.114813628277659063e+00 7.449331725076534738e+00 7.722652911482866145e+00 7.953742681867745468e+00 8.153921746243936397e+00 8.330492194688073226e+00 8.488439843042812072e+00 8.631320870820337277e+00 8.761761029449143479e+00 8.881754343510355199e+00 8.992850799834023690e+00 9.096279126248019153e+00 9.193029864210211954e+00 9.283913212573835949e+00 9.369600312654350560e+00 9.450653356096635704e+00
5.232938274400138035e+00 6.282333780997833017e+00 6.896190800782765251e+00 7.331729287595528888e+00 7.669559183817883152e+00 7.945586307380460234e+00 8.178963915032310794e+00 8.381124794193222982e+00 8.559443327165393356e+00 8.718954690415579023e+00 8.863250270380108375e+00 8.994981813978155216e+00 9.116163087053042346e+00 9.228359421630004888e+00 9.332811710200511257e+00 9.430520300790918853e+00 9.522303413393292004e+00 9.608838833763087450e+00 9.690694319360556364e+00
5.029332116491763927e+00 6.024266283913324749e+00 6.606265462541161426e+00 7.019200451334884683e+00 7.339497712391251483e+00 7.601199629962722248e+00 7.822465448525965925e+00 8.014134618756445505e+00 8.183198808590558926e+00 8.334431879812811417e+00 8.471238833732483542e+00 8.596133797384283071e+00 8.711026026554144153e+00 8.817399615947525859e+00 8.916431058440648982e+00 9.009068786178005439e+00 9.096088555317736635e+00 9.178132976012120636e+00 9.255740340346896744e+00
3.598073548384619347e+00 4.619816625348570405e+00 5.217498010743931935e+00 5.641559702312521907e+00 5.970487504543878998e+00 6.239241087707883437e+00 6.466469004577649393e+00 6.663302779276473409e+00 6.836922473103245856e+00 6.992230581507829612e+00 7.132723854957474074e+00 7.260984164671834939e+00 7.378972212117715479e+00 7.488212081541600895e+00 7.589911966903191143e+00 7.685045856240424911e+00 7.774410408779556469e+00 7.858665550067196470e+00 7.938364076690294979e+00
4.844436529497457400e+00 5.848339719710743623e+00 6.435585440339854912e+00 6.852242909924030734e+00 7.175427551400738402e+00 7.439488630553140247e+00 7.662749091812058211e+00 7.856146100137316957e+00 8.026734351182250649e+00 8.179330741614025513e+00 8.317370967772152568e+00 8.443391820766427358e+00 8.559319767731253137e+00 8.666652282025344434e+00 8.766576462243135026e+00 8.860049290350602291e+00 8.947853515706936989e+00 9.030637541395536871e+00 9.108944512038265273e+00
4.223256530627871541e+00 5.202356947486766359e+00 5.775093975789672207e+00 6.181457364345661176e+00 6.496657296248467439e+00 6.754194392648567025e+00 6.971938905085342419e+00 7.160557781204555994e+00 7.326931420951472873e+00 7.475757713107362257e+00 7.610387470530490361e+00 7.733294809507461842e+00 7.846358601221026241e+00 7.951039321944237237e+00 8.048494741410268105e+00 8.139658198063450811e+00 8.225293102391320943e+00 8.306031837810367691e+00 8.382404129826854344e+00
2.723189814663830255e+00 3.678545328686470217e+00 4.237392479246898880e+00 4.633900842709109291e+00 4.941456623278554616e+00 5.192747993269538398e+00 5.405211819270160589e+00 5.589256356731749698e+00 5.751595143829967505e+00 5.896812137301195023e+00 6.028176886913238164e+00 6.148103507292177916e+00 6.258425303698305520e+00 6.360567333292800107e+00 6.455659287861623241e+00 6.544611870754389216e+00 6.628169978414987895e+00 6.706950657852607023e+00 6.781470787800640387e+00
