2.060787066379079491e+01 5.874175285584307647e-03 2.650709906863199627e+00
1.125903723053475680e+01 2.261177737127248108e-02 2.555508252686663706e+00
2.132535586218100221e+01 3.733850067854613264e-02 2.482331990145206557e+00
1.326430461403627170e+01 3.779872820456050414e-02 2.517439018891018510e+00
2.700358980144064702e+01 4.983896151264201324e-02 2.519295836264666466e+00
1.918485145220452992e+01 4.091946538849072779e-02 2.503273574132889756e+00
2.091291551142033001e+01 8.798852663019517129e-03 2.640466276145660096e+00
1.751378291413671207e+01 4.816756988170158710e-02 2.483213519045196271e+00
1.658294535390656677e+01 6.060988628165457810e-03 2.631714073551401523e+00
1.315545974930935103e+01 3.330159866652046552e-02 2.531625300815029789e+00
1.882710477854091380e+01 3.134258436987333307e-02 2.503466067640408799e+00
1.927413700745691116e+01 2.710867639091280729e-02 2.490113079845950761e+00
2.726082986796086871e+01 3.475731233304758805e-02 2.518912769121608886e+00
2.719793954264032365e+01 8.935646293303754761e-03 2.595493107302465852e+00
1.790650682495500945e+01 5.841068902298475994e-03 2.583299682144140075e+00
1.467774825748984391e+01 3.338557257844474574e-02 2.487075159706173100e+00
2.136093535215464456e+01 2.519338158716010259e-02 2.551479108711971477e+00
1.852667626342230989e+01 2.305734098890306616e-02 2.524204484966761530e+00
2.856670971826978089e+01 1.250566984463127515e-02 2.567161884056408550e+00
1.326415548636721553e+01 4.318585282226356653e-02 2.432255358554449742e+00
2.930864047430917907e+01 1.964470128455727063e-02 2.568780724753837674e+00
2.809053991828160335e+01 4.142432089616240182e-02 2.509229572080619253e+00
2.330633309096022643e+01 4.155647202553163638e-02 2.454912622811277423e+00
2.661664944742264538e+01 3.031813889315224456e-02 2.466983588197062538e+00
3.184918700100590883e+01 9.370587054537079380e-03 2.622652453834172448e+00
1.239742199290447466e+01 7.756564104251760516e-03 2.645000335655275592e+00
1.498765919687149228e+01 3.036974981432408877e-02 2.575701400132371699e+00
2.581709308916203227e+01 4.304221192092665127e-02 2.496165629109074136e+00
2.255048963953531072e+01 3.907481272583632204e-02 2.524523277466336868e+00
2.242712428708015082e+01 1.145469047077817340e-02 2.602724404095453359e+00
2.159542597357793881e+01 2.425904799569630205e-02 2.523227340766188487e+00
2.178545967631869829e+01 2.239003628073257118e-02 2.469028678562243950e+00
2.780337447727368172e+01 4.894032059541957719e-02 2.501223802400825313e+00
1.423705913336723583e+01 3.115665940460304525e-02 2.523842381601464790e+00
3.837569344328135656e+01 3.720383085149515934e-02 2.442191358326360806e+00
1.308593615188902426e+01 1.578202616364254504e-02 2.611581385330608462e+00
2.625150115279257079e+01 4.444167565845576207e-02 2.455692509722302574e+00
2.075458724698028945e+01 4.523015724457734449e-02 2.429456159224947509e+00
1.853755218800309734e+01 3.588342552533343305e-02 2.505341919429289632e+00
3.302565338942680029e+01 4.037534125345427355e-02 2.458289445306429233e+00
2.437449812473043664e+01 2.470373837392977195e-02 2.556768558029260063e+00
1.525274883029521256e+01 3.783522866221836894e-02 2.477593350916440063e+00
2.971950019728496173e+01 2.711826306077640136e-02 2.561308970317573763e+00
1.504725729530117029e+01 4.825814319315278184e-02 2.520388237274681309e+00
1.944748690909458233e+01 8.292809602900503771e-03 2.601090511859257326e+00
3.094372606687170446e+01 2.134124881118317982e-02 2.515663186790452421e+00
1.409001672398955307e+01 1.556578821980294375e-02 2.585062367539817441e+00
2.331058246921341492e+01 3.923976252609481102e-02 2.512928622400004475e+00
1.296608147411896184e+01 4.353389163633542697e-02 2.491398295033845134e+00
2.212371937138738431e+01 3.485847466066459288e-02 2.532578796173788671e+00
3.518089155063147899e+01 3.742165854119887392e-02 2.454228521805954522e+00
3.574529643223237230e+01 1.442872206767302490e-02 2.477904397150048510e+00
3.135302677703004903e+01 3.613230854027066341e-02 2.441484658363226146e+00
2.236051684662424321e+01 4.309564439951611009e-02 2.518398687289395532e+00
1.971162445096777915e+01 1.005165913754881013e-02 2.603798137459628848e+00
3.539747754271592584e+01 6.521661571752213060e-03 2.593794844963427604e+00
2.616985301304383427e+01 3.010505295056016550e-02 2.555047368948263564e+00
1.522361830636789470e+01 3.902335661665285588e-02 2.539895925379192843e+00
2.280570766073783062e+01 2.380343657768723212e-02 2.542326091380681774e+00
2.564219523687259539e+01 2.186740848208408236e-02 2.515090711365237652e+00
1.033140280904069641e+01 4.442055875279490168e-02 2.531109966108461506e+00
1.446675565162170329e+01 3.622905544214596874e-02 2.494233245581675362e+00
2.542026467752071284e+01 2.758455231226470891e-02 2.465248000781743887e+00
9.067067683655249510e+00 1.377555638331800017e-02 2.631738176816228680e+00
2.097985362165393752e+01 1.683809551907787527e-02 2.531136745424065193e+00
2.595875461473857371e+01 2.418932249682889321e-02 2.540365627129848480e+00
2.328638949218456133e+01 8.946120524247029582e-03 2.532365469846718842e+00
1.450135135734806902e+01 1.108349824296078409e-02 2.619397174214334711e+00
1.571876962890619822e+01 3.247967055394435781e-02 2.472970791483700914e+00
1.676716542441327462e+01 2.330268830817490075e-02 2.525164844543124509e+00
3.784886379997197281e+01 1.900362131971629689e-02 2.524740463815551728e+00
2.817359373802125688e+01 3.165992348383721983e-02 2.517112293725346284e+00
1.843252489121230298e+01 8.533573592110047651e-03 2.636113983480778966e+00
3.329935788410249842e+01 3.636433149699221101e-02 2.458792837210785009e+00
2.488347096687266102e+01 8.815125920922073019e-03 2.635436117468217265e+00
2.920311905655361784e+01 3.757786693580623949e-02 2.502977884072681292e+00
2.723362386753681008e+01 4.721618950984094593e-02 2.434188395304904606e+00
3.042587997834293034e+01 1.480700678197391720e-02 2.583752905005443079e+00
2.885120726672728608e+01 1.167868670900390482e-02 2.613180122536640226e+00
1.538586545298063868e+01 4.624938661416262004e-02 2.418640611925011896e+00
2.045112757228529787e+01 1.083917155065566504e-02 2.644562043014176300e+00
2.223392361515717397e+01 2.369140182723608948e-02 2.578515776221079303e+00
2.641740201034437874e+01 3.481667444807197420e-02 2.405656768903693177e+00
3.314419488992570706e+01 2.278714058861045638e-02 2.533018214787665645e+00
1.884412504776465624e+01 2.631668967520715829e-02 2.484988704474985433e+00
1.842880384031609609e+01 9.986794297470638626e-03 2.625949146000696288e+00
2.702898554047121848e+01 1.167554044234855350e-02 2.576361818667466164e+00
1.019409212935723552e+01 3.253667389694974571e-02 2.560367186262331174e+00
2.934297576672945951e+01 5.613482891075011021e-03 2.616129862301146414e+00
2.554053123905666212e+01 6.942207350383576038e-03 2.633389294695281269e+00
2.367398329182229233e+01 4.063544097151142870e-02 2.519199094104517922e+00
2.026429896485656457e+01 1.931759061597041957e-02 2.550823975071137450e+00
3.172108704521370370e+01 4.620840992303121286e-02 2.389491848278121999e+00
1.396350607326571058e+01 3.356761745704084365e-02 2.551022951734809752e+00
2.489860843839072402e+01 3.135087138607448032e-02 2.547506791164499518e+00
3.025790634946545410e+01 2.626871558680563337e-02 2.510924232057569760e+00
2.219755904485796805e+01 3.822614995054798848e-02 2.511958833737623298e+00
1.366356405041016053e+01 4.061229078054370834e-02 2.516064869914743429e+00
1.865461914907642438e+01 3.295125669941405960e-02 2.463708731287259646e+00
1.408609186222125764e+01 4.730508071961878752e-02 2.496487635249907466e+00
2.435542645204636969e+01 3.723881883348476030e-02 2.524856475615523177e+00
3.229138076839432614e+01 3.837042662736362547e-02 2.460994182425728205e+00
2.447014494629942760e+01 1.457974057289785144e-02 2.626251352334952660e+00
2.209211199681381643e+01 3.898079589904940301e-02 2.530314797867122323e+00
1.702759915006176783e+01 1.132781352755009990e-02 2.611083404911073380e+00
1.318470757396908333e+01 2.063543001995979745e-02 2.564105477557468316e+00
2.621464703511934502e+01 2.782233448297615971e-02 2.549991946587691682e+00
3.184619409484316677e+01 3.255066727726006748e-02 2.505906686327340704e+00
2.417297830043060713e+01 2.555693932937142671e-02 2.528016340930786754e+00
2.899701634286212837e+01 1.308766476703993736e-02 2.588149404266272047e+00
1.578194539910058047e+01 1.712327537654543055e-02 2.590931782416675322e+00
1.075126839319709404e+01 2.123784415317582150e-02 2.598547838488703299e+00
2.035240995842318767e+01 4.239037828503212924e-02 2.515116243486991365e+00
1.332691180858986435e+01 4.082000339257631921e-02 2.495541611586213904e+00
2.282201740516063637e+01 2.236346160215866435e-02 2.532624395964837571e+00
1.858142992753899136e+01 2.598830971496964709e-02 2.558204478287005035e+00
2.345345717366685534e+01 2.547777098350706079e-02 2.539910000396892631e+00
2.815731335566772842e+01 3.716722030740106375e-02 2.504268775249915091e+00
1.356747639067005018e+01 1.613218175163785156e-02 2.530535637332273602e+00
3.047798666222711006e+01 4.330469097498334391e-02 2.498723892638074151e+00
2.545752399220515372e+01 2.872788555270704841e-02 2.520385593854144624e+00
1.822415086667732353e+01 1.668099647570424338e-02 2.566343150850010080e+00
1.375228937476541979e+01 2.619398028305286452e-02 2.550971253122411575e+00
3.369939768395187230e+01 4.021341880663088786e-02 2.481110621229656754e+00
1.567781396545549555e+01 3.422559167248693385e-02 2.540929970932303661e+00
2.397304128174545923e+01 2.672895922853784842e-02 2.543732757762683594e+00
1.696744178012381710e+01 3.850079680012877953e-02 2.515615199506448185e+00
3.012261054072027378e+01 7.641055193392502429e-03 2.617229801087663787e+00
1.832109866766383632e+01 1.186396983213371462e-02 2.603873061197615968e+00
2.774598402656601337e+01 1.674089008067227921e-02 2.607383027124032804e+00
1.077218853004100474e+01 4.766444245633550542e-02 2.500139224818579642e+00
1.261961382325765157e+01 4.672437284704340082e-02 2.471980127795208482e+00
1.128600168136897075e+01 8.750236355138073241e-03 2.635814008073231296e+00
3.601321956129654467e+01 3.649434230264850254e-02 2.489469782121917607e+00
2.404468485302760428e+01 1.096261880546264660e-02 2.585903942482197237e+00
2.755705993786756736e+01 1.735339181228029784e-02 2.548557780515357418e+00
3.300058259408447725e+01 3.264526988213939385e-02 2.490708192293472845e+00
2.700504188119512605e+01 4.957641135299446083e-02 2.481102370788630829e+00
2.144269877878641850e+01 6.608887324336150740e-03 2.609189200637159978e+00
3.368965494881456380e+01 1.552288184030381837e-02 2.526650119876427514e+00
2.379607980963583458e+01 8.893093500568726578e-03 2.571010543371130996e+00
2.053152185603301305e+01 1.864987871823032412e-02 2.550210676732511228e+00
1.523379629598260188e+01 1.013908729700766301e-02 2.583999051826669113e+00
1.750296349753565295e+01 3.729413799731524926e-02 2.563627183612689819e+00
2.395990926659082731e+01 2.417315797161346050e-02 2.468872711175146062e+00
2.267554123958572987e+01 4.839243450704162897e-02 2.477014490842971650e+00
2.445825088072928111e+01 1.111130304874825316e-02 2.566095363255251449e+00
1.776746998180943748e+01 3.792575898023937964e-02 2.473660342953424962e+00
2.749417930967583956e+01 2.316840141131116734e-02 2.561377261556883056e+00
2.805995884695441589e+01 3.839808157926776627e-02 2.512460145023182712e+00
2.486735368688886538e+01 2.788674750992526860e-02 2.525289983096411284e+00
1.564587507512968756e+01 3.643206240790390626e-02 2.491737730397755701e+00
2.707919345182382997e+01 2.435488714853228584e-02 2.580598337812399556e+00
2.250136599646737068e+01 1.156128366058151169e-02 2.599243518550248488e+00
1.402667829307688052e+01 4.822359948140514385e-02 2.500285630615099564e+00
3.517864149882323233e+01 2.008813198979807549e-02 2.534675562895663870e+00
2.659854476408468571e+01 4.429358973876094258e-02 2.530635763148636475e+00
1.495650070276435883e+01 2.726787354662390389e-02 2.556859583732243202e+00
2.139117712487082201e+01 8.106406671243534742e-03 2.612409187050194426e+00
2.141908724899595384e+01 1.734120478387141465e-02 2.526730679700544435e+00
2.713568456287248409e+01 2.306897866790744850e-02 2.538016295611321915e+00
2.242465682594228227e+01 4.934071941071543205e-02 2.425780651635599749e+00
1.511649132564074804e+01 6.866460896411950322e-03 2.621677874156874033e+00
3.121685727444496905e+01 4.702957041381913145e-02 2.489882699987166603e+00
2.489509095059390020e+01 3.063904542238154657e-02 2.516053009562475573e+00
1.873977473840420771e+01 6.776146044377081255e-03 2.595163719001723823e+00
1.723729023317036635e+01 3.084520275366945535e-02 2.460901282211013896e+00
1.483115262853508121e+01 3.485334294053511750e-02 2.504437872535988152e+00
2.593451238751363874e+01 3.727149058249314834e-02 2.482802185022519481e+00
2.539422160411606200e+01 1.618294270381135866e-02 2.581393681930774786e+00
2.551052896926299596e+01 1.787993057129285551e-02 2.547166405775274090e+00
2.700220756657318688e+01 1.902641877848703159e-02 2.482850432983087163e+00
1.822796709233804080e+01 2.957868136164220133e-02 2.574115592095877592e+00
1.395991297873554693e+01 2.835857844829905994e-02 2.535841475605325801e+00
2.090879354387229583e+01 3.607201765315681818e-02 2.524564902526707399e+00
2.952251566504105895e+01 2.078960717158223961e-02 2.557962740001872071e+00
2.776619603406011905e+01 3.276704210408198925e-02 2.443614684183303964e+00
2.314233379214262598e+01 4.330027190610692689e-02 2.451221368319246974e+00
1.048475197353778832e+01 1.041361666725349258e-02 2.625038761189635750e+00
1.528787639882172833e+01 2.612008917411852427e-02 2.502696272539241207e+00
1.096699634581354665e+01 3.600435122308227182e-02 2.561264830392676828e+00
2.320228237157570206e+01 2.544621264565708266e-02 2.534976561174010268e+00
1.897225104404686391e+01 1.808281398789167785e-02 2.540744140254354022e+00
2.214249673843162469e+01 2.346177629762570896e-02 2.577382329680283135e+00
3.311172786641285626e+01 4.248177368046469199e-02 2.479788025109009642e+00
3.784094595915124870e+01 1.023194187905502109e-02 2.568324866704356335e+00
3.128555719685636660e+01 3.475938615678803717e-02 2.503312267878553765e+00
2.819130839223247165e+01 4.498641501871177700e-02 2.475692326845881031e+00
1.872918952259904302e+01 3.344459891853598932e-02 2.496662294506909241e+00
2.004543005287946755e+01 3.267756386392895590e-02 2.538714230931789828e+00
2.515538359673417190e+01 4.264947556705774023e-02 2.434173749013438304e+00
1.601961837755735374e+01 3.296029755754731339e-02 2.497788095148503640e+00
3.222409147477592484e+01 2.033614800123292529e-02 2.510655160083756776e+00
2.678407304075591711e+01 2.585665058479764966e-02 2.500883871262588265e+00
2.682006585870819038e+01 3.971893855817906077e-02 2.486042306700343651e+00
3.069105765785413098e+01 1.399835553400083019e-02 2.564613410649925207e+00
1.210982801361850214e+01 3.269865290699153215e-02 2.525936329801476976e+00
2.529178353036069282e+01 2.041993596482442885e-02 2.551673845946682118e+00
2.446497084891749907e+01 7.524219416394557249e-03 2.587456684065355450e+00
9.070588352864184856e+00 1.638732168979423198e-02 2.621713337633611030e+00
