8.782640651454707736e+00 1.112610403142095983e+01 1.249694223051447217e+01 1.346956741138721192e+01 1.422399411273804581e+01 1.484040561048072249e+01 1.536157410586471350e+01 1.581303079135346401e+01 1.621124380957423483e+01 1.656745749270429613e+01 1.688969196522858951e+01 1.718386899044697458e+01 1.745448562069099552e+01 1.770503748583096382e+01 1.793829569179780847e+01 1.815649417131971433e+01 1.836146013689768708e+01 1.855470718954048692e+01 1.873750321996084622e+01
1.043669625718507277e+01 1.289944892601664961e+01 1.434006688583407119e+01 1.536220159484822823e+01 1.615503086970394619e+01 1.680281955466564980e+01 1.735051708383990388e+01 1.782495426367980684e+01 1.824343751448306961e+01 1.861778353853552304e+01 1.895642070862442097e+01 1.926557222349722664e+01 1.954996404888741779e+01 1.981326975267148072e+01 2.005840149835294639e+01 2.028770693251138368e+01 2.050310627822425147e+01 2.070619018331465000e+01 2.089829107792134977e+01
6.899594479657861434e+00 9.349252670881615046e+00 1.078221085233192689e+01 1.179891086210536955e+01 1.258752465673125620e+01 1.323186904355568139e+01 1.377665446014859540e+01 1.424856905332912405e+01 1.466482722500599323e+01 1.503718284795501070e+01 1.537401948123116746e+01 1.568152723477943589e+01 1.596440694633190915e+01 1.622631265137234990e+01 1.647014102940532254e+01 1.669822724455287855e+01 1.691248131004947552e+01 1.711448541622974773e+01 1.730556490868969632e+01
8.061517919674994204e+00 1.052321511771266849e+01 1.196321566669504932e+01 1.298491231575034277e+01 1.377740180490416932e+01 1.442491286473272361e+01 1.497237566520147034e+01 1.544660951378801705e+01 1.586491341371510444e+01 1.623909900294184183e+01 1.657759104207736556e+01 1.688661006277039789e+01 1.717088000533023973e+01 1.743407286323914462e+01 1.767909955192422444e+01 1.790830671182569134e+01 1.812361374306406603e+01 1.832661061175277695e+01 1.851862917698621303e+01
9.451148581856426034e+00 1.178956565999016703e+01 1.315745196174433929e+01 1.412798273812390804e+01 1.488078489313957675e+01 1.549586903987808029e+01 1.601591527597874531e+01 1.646639981625764904e+01 1.686375534163225254e+01 1.721920197127331775e+01 1.754074255951373473e+01 1.783428611801182129e+01 1.810432001536196367e+01 1.835433235411248631e+01 1.858708827302749000e+01 1.880481689439139004e+01 1.900934149607328649e+01 1.920217241976599354e+01 1.938457482596710335e+01
9.957923736432835682e+00 1.238426366624674557e+01 1.380358153919028297e+01 1.481060359606065369e+01 1.559171058721478254e+01 1.622992146900419286e+01 1.676952108098081595e+01 1.723694352587456180e+01 1.764923934194773025e+01 1.801805051702869065e+01 1.835168080719327222e+01 1.865626139881810275e+01 1.893644838242789419e+01 1.919586101079472229e+01 1.943736838997223160e+01 1.966328345568847169e+01 1.987549803978914653e+01 2.007557927176164014e+01 2.026483988125611901e+01
8.883550766066017346e+00 1.136009848964459934e+01 1.280878603918441350e+01 1.383664621322318133e+01 1.463391650377246833e+01 1.528533376276299549e+01 1.583609920756490297e+01 1.631319393680176333e+01 1.673402131230280787e+01 1.711046422735104855e+01 1.745099826607798477e+01 1.776188148634157571e+01 1.804786632626810672e+01 1.831264693114348674e+01 1.855915177689086448e+01 1.878974166038034355e+01 1.900634756077658594e+01 1.921056903588139164e+01 1.940374597941155344e+01
9.977896819557001251e+00 1.241205279677133966e+01 1.383594276434798687e+01 1.484620877398567629e+01 1.562983197038897387e+01 1.627009874156232527e+01 1.681143658324560874e+01 1.728036475120001469e+01 1.769398870913897426e+01 1.806398794760331228e+01 1.839869297182724850e+01 1.870425471877666013e+01 1.898534427779148004e+01 1.924559256045994715e+01 1.948787791517995771e+01 1.971452072841434955e+01 1.992741892622801458e+01 2.012814468635330911e+01 2.031801496717894295e+01
1.055196497521587595e+01 1.296757042409292104e+01 1.438060902822368980e+01 1.538317587296996791e+01 1.616082713312648877e+01 1.679621447710073667e+01 1.733342682187002026e+01 1.779878132184701300e+01 1.820925308123150543e+01 1.857643258200353387e+01 1.890858684321366923e+01 1.921181992597778176e+01 1.949076732159853975e+01 1.974903227074706535e+01 1.998947118613430263e+01 2.021438677072406165e+01 2.042566248662264883e+01 2.062485853010855053e+01 2.081328182312492103e+01
9.385524179205695816e+00 1.176549679760678835e+01 1.315769153211456910e+01 1.414546941600788088e+01 1.491164946693383264e+01 1.553766415051566341e+01 1.606695202383632903e+01 1.652544203440897519e+01 1.692985888502344238e+01 1.729162208533492517e+01 1.761887670679343643e+01 1.791763676891675416e+01 1.819246938442535466e+01 1.844692464223741979e+01 1.868381681984270770e+01 1.890541465281006950e+01 1.911357382011343731e+01 1.930983150342453669e+01 1.949547534615406974e+01
7.019522221876012047e+00 9.385255607734961814e+00 1.076912092516654162e+01 1.175098899359391424e+01 1.251258503551491508e+01 1.313485431102549406e+01 1.366097548694313879e+01 1.411672237945286490e+01 1.451871962845707387e+01 1.487831842137386573e+01 1.520361509818233614e+01 1.550058769688444471e+01 1.577377600544087954e+01 1.602670887280208945e+01 1.626218373880544377e+01 1.648245576531181555e+01 1.668936952887982628e+01 1.688445301431602275e+01 1.706898616113829803e+01
9.105983599975274956e+00 1.147878565980645860e+01 1.286678588644161714e+01 1.385158771963764224e+01 1.461545936630390408e+01 1.523958794627280078e+01 1.576728114171076989e+01 1.622438977946882588e+01 1.662758817290795932e+01 1.698826142613508594e+01 1.731453007052297721e+01 1.761239000610398264e+01 1.788639458546158068e+01 1.814008320154195175e+01 1.837626165277024626e+01 1.859719183930000952e+01 1.880472384917750261e+01 1.900039023273914296e+01 1.918547475388777102e+01
9.855069871196295850e+00 1.227200490850565728e+01 1.368582127201072218e+01 1.468893994581501872e+01 1.546701923784253729e+01 1.610275630932008184e+01 1.664026434448020808e+01 1.710587498312438015e+01 1.751657267282514852e+01 1.788395427515189695e+01 1.821629135945661560e+01 1.851969134662944327e+01 1.879879227942267761e+01 1.905719938178956951e+01 1.929777063865696007e+01 1.952281002043373803e+01 1.973420202591431050e+01 1.993350771013450640e+01 2.012203471438852986e+01
9.563374447320729388e+00 1.191323619270225542e+01 1.328781719562961428e+01 1.426309793808378323e+01 1.501958445302314971e+01 1.563767894101114209e+01 1.616027038437243135e+01 1.661295968346530927e+01 1.701225994393850272e+01 1.736944619840467752e+01 1.769256046871981169e+01 1.798754068639266990e+01 1.825889618207088105e+01 1.851013212975395916e+01 1.874402720133203815e+01 1.896282142884683708e+01 1.916834701364338756e+01 1.936212168932002697e+01 1.954541680831548334e+01
8.688253356386443471e+00 1.118145124566294690e+01 1.263987851776683868e+01 1.367464913493944856e+01 1.447727958161142681e+01 1.513307640704334034e+01 1.568754472251046295e+01 1.616784702421595199e+01 1.659150367914723034e+01 1.697047747088792846e+01 1.731330096606934887e+01 1.762627429631984199e+01 1.791418185105075267e+01 1.818074261178696460e+01 1.842890474299182202e+01 1.866104491349245365e+01 1.887910708468792720e+01 1.908470156842373555e+01 1.927917726670357368e+01
8.262171393961272869e+00 1.057009968388346088e+01 1.192015118784144612e+01 1.287802797380564890e+01 1.362101493131694774e+01 1.422807947776363413e+01 1.474134523843031808e+01 1.518595626372783869e+01 1.557813098172161936e+01 1.592894322123913575e+01 1.624629149366559844e+01 1.653600776768582392e+01 1.680252090461078751e+01 1.704927352835250787e+01 1.727899472519712276e+01 1.749388455365002670e+01 1.769574251928865749e+01 1.788605927164380915e+01 1.806608347577654072e+01
1.066675362130493276e+01 1.313897383592913393e+01 1.458512995500909959e+01 1.561119405055333509e+01 1.640707119438932793e+01 1.705735016963329898e+01 1.760715320924049010e+01 1.808341426517753447e+01 1.850350628871326464e+01 1.887929140901352909e+01 1.921923040001017924e+01 1.952957038425750014e+01 1.981505549549162026e+01 2.007937342386469126e+01 2.032544752809349475e+01 2.055563447980173564e+01 2.077186188396929367e+01 2.097572650333746580e+01 2.116856589029848124e+01
8.514871808497844086e+00 1.095936726469680345e+01 1.238930543975645016e+01 1.340386272089576281e+01 1.419081448607070861e+01 1.483380089595540952e+01 1.537743815940544145e+01 1.584835817709472217e+01 1.626373907101505623e+01 1.663530994226966797e+01 1.697143668128772731e+01 1.727829635215437065e+01 1.756057988543190262e+01 1.782193361560440081e+01 1.806524811732931468e+01 1.829285363329368153e+01 1.850665615131638830e+01 1.870823452721401736e+01 1.889891131337323316e+01
9.178348548079309666e+00 1.188162255226309760e+01 1.346293647388493753e+01 1.458489655644688376e+01 1.545515640657230172e+01 1.616621047806872369e+01 1.676739812939503338e+01 1.728817056063067170e+01 1.774752439969056539e+01 1.815843041075608966e+01 1.853014011199295652e+01 1.886948448225250985e+01 1.918165104217930406e+01 1.947067213357881954e+01 1.973974433237792780e+01 1.999144456481445786e+01 2.022788058989855386e+01 2.045079840387435155e+01 2.066166056682842722e+01
7.435332987629545087e+00 9.840622053689727977e+00 1.124762596072954679e+01 1.224591111974991087e+01 1.302024124644006697e+01 1.365291502678972968e+01 1.418783308620493600e+01 1.465120018581009198e+01 1.505991893382954672e+01 1.542553031250024986e+01 1.575626603472071530e+01 1.605820409284991257e+01 1.633596018128913840e+01 1.659312215226511711e+01 1.683253421954006868e+01 1.705648925187027487e+01 1.726686266761627309e+01 1.746520799988973138e+01 1.765282658913162095e+01
6.239190053291952864e+00 8.641249884757444377e+00 1.004636481065333875e+01 1.104330971622293767e+01 1.181660026157208243e+01 1.244842464211883026e+01 1.298262454423346135e+01 1.344536954768842918e+01 1.385353956801472464e+01 1.421866009303757394e+01 1.454895178412225398e+01 1.485048447358432355e+01 1.512786765899815755e+01 1.538468437569895286e+01 1.562377501893346832e+01 1.584742937915392247e+01 1.605752035686720447e+01 1.625559939948021437e+01 1.644296610031187811e+01
1.019826961956401945e+01 1.263268468311987291e+01 1.405672620649075810e+01 1.506709974667572638e+01 1.585080635025136075e+01 1.649114127004661157e+01 1.703253673056872231e+01 1.750151481023157984e+01 1.791518279341749675e+01 1.828522141380721422e+01 1.861996206331606629e+01 1.892555633360246503e+01 1.920667581118707190e+01 1.946695179412457577e+01 1.970926293717809941e+01 1.993592987378743686e+01 2.014885073202865584e+01 2.034959785697335022e+01 2.053948834718444516e+01
1.021745479200468587e+01 1.263704694765560177e+01 1.405241762575045428e+01 1.505663910330651767e+01 1.583557379637962370e+01 1.647200978140137195e+01 1.701010873954325220e+01 1.747623125895743357e+01 1.788738045949622446e+01 1.825516595203054138e+01 1.858786839947024205e+01 1.889160193705228608e+01 1.917100970647796032e+01 1.942970089519416987e+01 1.967053663012539388e+01 1.989582341460835124e+01 2.010744781920861257e+01 2.030697261514713858e+01 2.049570688130648577e+01
9.248934231589139188e+00 1.161286462024151511e+01 1.299567525191834250e+01 1.397679500889389104e+01 1.473781061535909309e+01 1.535960564057072020e+01 1.588532584357393240e+01 1.634072539754626874e+01 1.674241627224754936e+01 1.710174100401146902e+01 1.742678976235072241e+01 1.772353602922309790e+01 1.799651613267910122e+01 1.824925623222630833e+01 1.848455163568829818e+01 1.870465578619864289e+01 1.891141185450819862e+01 1.910634666089992351e+01 1.929073916941095490e+01
8.319686409995036058e+00 1.072494163687735913e+01 1.213192574926707401e+01 1.313019686375968220e+01 1.390451609666777699e+01 1.453718097614939708e+01 1.507209150998790292e+01 1.553545209064200350e+01 1.594416508853911196e+01 1.630977132355009829e+01 1.664050239276436827e+01 1.694243620303171838e+01 1.722018838381684702e+01 1.747734673687022422e+01 1.771675543593981672e+01 1.794070731752432479e+01 1.815107777359968466e+01 1.834942031542143326e+01 1.853703626512244540e+01
9.486097152349939776e+00 1.186158873870899910e+01 1.325116223750766231e+01 1.423708032506806020e+01 1.500181780588559022e+01 1.562665382386672164e+01 1.615494514962147221e+01 1.661257191142712131e+01 1.701622732266538662e+01 1.737730939224465132e+01 1.770394785600734622e+01 1.800214541022578274e+01 1.827646056862299773e+01 1.853043673598053331e+01 1.876688289104331275e+01 1.898806349778618241e+01 1.919583074129542055e+01 1.939171890902444417e+01 1.957701321999834221e+01
8.634862933784150485e+00 1.111128432187897808e+01 1.255989796989828555e+01 1.358770570997380567e+01 1.438493532958149146e+01 1.503631935799311314e+01 1.558705670674088850e+01 1.606412709806863504e+01 1.648493300601241884e+01 1.686135671767631905e+01 1.720187338482906370e+01 1.751274074608793896e+01 1.779871099714434735e+01 1.806347809483571609e+01 1.830997036569562653e+01 1.854054848616346263e+01 1.875714333689934321e+01 1.896135439410724643e+01 1.915452148315232250e+01
7.753760173052126170e+00 1.006506441596897083e+01 1.141709072583302742e+01 1.237636865888581639e+01 1.312044243051311376e+01 1.372839496874987297e+01 1.424241151577735565e+01 1.468767290180266194e+01 1.508042127861392778e+01 1.543174667342995754e+01 1.574955915128919948e+01 1.603969921166671853e+01 1.630660219424964552e+01 1.655371575869419942e+01 1.678377298329401413e+01 1.699897714471950749e+01 1.720113038079897905e+01 1.739172552153077334e+01 1.757201305847748785e+01
1.083547495986032061e+01 1.327578770628762506e+01 1.470327915297945509e+01 1.571610045271493128e+01 1.650170568610161936e+01 1.714359189940675776e+01 1.768629895990292411e+01 1.815641319914223573e+01 1.857108334609858957e+01 1.894201843252892559e+01 1.927757003421455906e+01 1.958390464583406398e+01 1.986570517142589054e+01 2.012661170633023033e+01 2.036950987922075385e+01 2.059672594556954195e+01 2.081016263191149207e+01 2.101139609252589224e+01 2.120174661681594941e+01
9.251879029061926829e+00 1.177277055575616771e+01 1.324739756725800355e+01 1.429366208245040859e+01 1.510520788905678025e+01 1.576828909395224443e+01 1.632891626450031097e+01 1.681455360914464947e+01 1.724291610545408204e+01 1.762609941575102113e+01 1.797273088366283034e+01 1.828918062064648353e+01 1.858028615956662932e+01 1.884980779119455363e+01 1.910072642725285519e+01 1.933544513583888858e+01 1.955592947124747383e+01 1.976380763214832115e+01 1.996044350371319709e+01
8.464046439928059939e+00 1.090609933334425286e+01 1.233460870077032290e+01 1.334815222676044577e+01 1.413431766235209075e+01 1.477666159418651581e+01 1.531975565018502117e+01 1.579020512017663691e+01 1.620517096161258763e+01 1.657637055576828189e+01 1.691216143379673298e+01 1.721871448760270695e+01 1.750071596052671197e+01 1.776180854360121231e+01 1.800487992319435193e+01 1.823225801359282983e+01 1.844584689813462219e+01 1.864722385502877700e+01 1.883771011515521820e+01
6.609674465903415452e+00 9.045475851771573872e+00 1.047032832170906858e+01 1.148127723763973052e+01 1.226543013731626353e+01 1.290612970757722699e+01 1.344783347567512166e+01 1.391707862350788893e+01 1.433098217751472170e+01 1.470123152318442195e+01 1.503616279689626722e+01 1.534193109344538364e+01 1.562321065967306311e+01 1.588363486154327830e+01 1.612608399312191665e+01 1.635288000937604735e+01 1.656592211930558989e+01 1.676678356338288012e+01 1.695678219021677791e+01
8.897117755766860370e+00 1.133504458413285576e+01 1.276114035822902437e+01 1.377297141249884938e+01 1.455780855182950262e+01 1.519906718659501799e+01 1.574124363699641727e+01 1.621089824086484299e+01 1.662516296069118482e+01 1.699573538019549801e+01 1.733095890974032471e+01 1.763699401496101160e+01 1.791851902137412722e+01 1.817917046536241088e+01 1.842183115429166662e+01 1.864882506923083838e+01 1.886205307640015505e+01 1.906308978905718021e+01 1.925325420574502289e+01
7.907685121545796392e+00 1.029794847053381446e+01 1.169616289653997043e+01 1.268821181952183252e+01 1.345770474574063158e+01 1.408642624552798850e+01 1.461800269934120067e+01 1.507847516850985059e+01 1.548464067153414447e+01 1.584796809472864965e+01 1.617663772790482213e+01 1.647668959451600657e+01 1.675271055495799999e+01 1.700826604832921873e+01 1.724618252073480562e+01 1.746873851749786866e+01 1.767779774133691006e+01 1.787490402052216254e+01 1.806135056608780332e+01
5.639472631115923562e+00 8.013911229596455854e+00 9.402868769972464236e+00 1.038834982807698637e+01 1.115274832251284387e+01 1.177730736845299653e+01 1.230536451768380246e+01 1.276278842655751866e+01 1.316626490882900491e+01 1.352718692099337439e+01 1.385368059521230499e+01 1.415174596693352704e+01 1.442593952922055145e+01 1.467980311616433475e+01 1.491614446136938277e+01 1.513722702503804918e+01 1.534490217123563127e+01 1.554070350730953720e+01 1.572591568258379979e+01
7.745795084786235130e+00 1.014324361983760703e+01 1.154566111025153141e+01 1.254069215488897981e+01 1.331249819436856541e+01 1.394310964530290242e+01 1.447628403004249797e+01 1.493814068994035260e+01 1.534552713571682681e+01 1.570994672941993819e+01 1.603960435099862281e+01 1.634055818035427521e+01 1.661740886608950873e+01 1.687373256509387076e+01 1.711236421983386080e+01 1.733558922499172539e+01 1.754527688561878307e+01 1.774297567076819959e+01 1.792998267889597841e+01
9.280211258368433747e+00 1.167512293381635757e+01 1.307605645649267068e+01 1.407003460926428318e+01 1.484102396236473531e+01 1.547096813194059450e+01 1.600357833833038868e+01 1.646494628471220878e+01 1.687190165461690583e+01 1.723593563781265914e+01 1.756524443225660903e+01 1.786587980738852011e+01 1.814243754363576500e+01 1.839849001377831428e+01 1.863686916048897046e+01 1.885985796016013438e+01 1.906932373983842055e+01 1.926681333006483143e+01 1.945362245677094748e+01
1.019132086201771514e+01 1.261801947256386924e+01 1.403754716028550220e+01 1.504471808311002157e+01 1.582594054366895442e+01 1.646424577083165275e+01 1.700392515068480748e+01 1.747141669365617389e+01 1.788377345855328571e+01 1.825263915421510674e+01 1.858631876424427531e+01 1.889094438137780685e+01 1.917117278444050044e+01 1.943062376123096158e+01 1.967216684193673970e+01 1.989811530420232799e+01 2.011036125953894427e+01 2.031047206909943981e+01 2.049976065659203783e+01
8.292330914191305524e+00 1.070900002598770051e+01 1.212266083303969388e+01 1.312566913778409550e+01 1.390366282091784100e+01 1.453932994483608887e+01 1.507677884017749115e+01 1.554233824958048871e+01 1.595299075188808402e+01 1.632033193271423599e+01 1.665263245132386771e+01 1.695599905663248208e+01 1.723506928108744063e+01 1.749344795197388791e+01 1.773399273976622936e+01 1.795900736137688369e+01 1.817037610825653005e+01 1.836965986368447901e+01 1.855816612508048280e+01
1.060508903839756911e+01 1.305385708153966995e+01 1.448629455974212377e+01 1.550262512468176901e+01 1.629095235563156052e+01 1.693506260288422283e+01 1.747965005728990917e+01 1.795139316782386985e+01 1.836750008108667842e+01 1.873972039877365958e+01 1.907643463355192992e+01 1.938383064602632544e+01 1.966660756575523550e+01 1.992841810043201178e+01 2.017215787697611518e+01 2.040016121096596891e+01 2.061433742158220994e+01 2.081626812422877748e+01 2.100727818290230431e+01
1.108544790071622721e+01 1.356522079563791650e+01 1.501579494947185012e+01 1.604499369055960756e+01 1.684330225437506456e+01 1.749556784439353763e+01 1.804705054285966526e+01 1.852476658548129507e+01 1.894614199822747125e+01 1.932307514929675563e+01 1.966405266044806410e+01 1.997534073931522869e+01 2.026169801305416485e+01 2.052682343778135632e+01 2.077364930313068569e+01 2.100453948040298613e+01 2.122142746344841413e+01 2.142591489314915876e+01 2.161934340814572053e+01
9.083349399598468210e+00 1.147133073636987532e+01 1.286821027080312696e+01 1.385931207314128244e+01 1.462807035551467827e+01 1.525619160757453407e+01 1.578726055916537518e+01 1.624729340991268955e+01 1.665307114200778571e+01 1.701605169228608361e+01 1.734440754074123348e+01 1.764417294434593941e+01 1.791993038436704211e+01 1.817524189593678230e+01 1.841293122671933702e+01 1.863527474668409667e+01 1.884413437925090662e+01 1.904105247877919282e+01 1.922732102165952028e+01
1.018690338004454432e+01 1.261670074981484468e+01 1.403804109548136658e+01 1.504649811958514327e+01 1.582871815779762059e+01 1.646783846525166695e+01 1.700820698567181566e+01 1.747629548935544364e+01 1.788917881091818884e+01 1.825851552756791918e+01 1.859262122790966032e+01 1.889763583502196553e+01 1.917822207417732017e+01 1.943800435544211425e+01 1.967985587323444108e+01 1.990609285912574222e+01 2.011860984074845504e+01 2.031897618068848743e+01 2.050850647918465697e+01
7.054050966191280914e+00 9.473240447027265532e+00 1.088837557545539880e+01 1.189242992786324926e+01 1.267123498860032527e+01 1.330756505629138253e+01 1.384557446260616054e+01 1.431161940869923299e+01 1.472270018471951403e+01 1.509042446943630900e+01 1.542307154767003219e+01 1.572675453712736626e+01 1.600611580678588552e+01 1.626476394344214427e+01 1.650555959786444049e+01 1.673080888953521850e+01 1.694239807505206485e+01 1.714188966555549953e+01 1.733059252206776080e+01
7.336749085707750417e+00 9.800092041523647879e+00 1.124105529709156137e+01 1.226343499733954623e+01 1.305645430215956360e+01 1.370439825290745972e+01 1.425222705743343887e+01 1.472677795315544458e+01 1.514536150847537144e+01 1.551979725797546017e+01 1.585851559460472693e+01 1.616774120872335629e+01 1.645220119881197718e+01 1.671557001324933722e+01 1.696076051354337366e+01 1.719012090897134470e+01 1.740557188286101109e+01 1.760870446429126801e+01 1.780085140276555222e+01
9.752183801022301424e+00 1.215860586215172212e+01 1.356627252882054790e+01 1.456502792328114282e+01 1.533972279291545782e+01 1.597269458994996860e+01 1.650786461888198531e+01 1.697144998441056529e+01 1.738036125661879439e+01 1.774614485404487851e+01 1.807703636707975647e+01 1.837911665107938930e+01 1.865700357463656189e+01 1.891428668001140778e+01 1.915381152071370252e+01 1.937787204553998421e+01 1.958834455625386184e+01 1.978678331774821331e+01 1.997449028345159050e+01
7.869691281130503313e+00 1.033754696348851709e+01 1.178114999485957703e+01 1.280540264584653265e+01 1.359987472412499976e+01 1.424900567721759082e+01 1.479783807792610162e+01 1.527325832820454643e+01 1.569260870858865076e+01 1.606773040648301532e+01 1.640706925891354118e+01 1.671686135957560637e+01 1.700184246676828792e+01 1.726569376028411540e+01 1.751133343785407348e+01 1.774111401056256199e+01 1.795695968033738765e+01 1.816046439094666454e+01 1.835296333342720487e+01
9.909722191890873333e+00 1.231725138382606843e+01 1.372556568049966508e+01 1.472478057576126353e+01 1.549983186190667261e+01 1.613309487243486018e+01 1.666851111886751013e+01 1.713230976769645864e+01 1.754140916910845505e+01 1.790736105384186772e+01 1.823840480126379049e+01 1.854062406437005350e+01 1.881863883631199741e+01 1.907604031080270346e+01 1.931567535051546258e+01 1.953983895963165551e+01 1.975040830315143836e+01 1.994893836104365192e+01 2.013673168573099304e+01
8.829803113892676691e+00 1.119994848636936879e+01 1.258639465052601025e+01 1.357009385884606090e+01 1.433311024321358040e+01 1.495654002300270236e+01 1.548364239130717124e+01 1.594023923132275300e+01 1.634298618715934381e+01 1.670325561569027428e+01 1.702915895620542130e+01 1.732668539547939446e+01 1.760038318797374046e+01 1.785378776378386334e+01 1.808970177984691574e+01 1.831038460379944510e+01 1.851768425225260017e+01 1.871313155963603592e+01 1.889800885249741214e+01
1.014940437092929670e+01 1.251914875515948999e+01 1.390536035622869981e+01 1.488889313938968328e+01 1.565178043437493471e+01 1.627510474045889310e+01 1.680211793201629789e+01 1.725863752361987835e+01 1.766131634152810292e+01 1.802152481860512978e+01 1.834737302182340102e+01 1.864484912468908817e+01 1.891850061217650847e+01 1.917186231624648940e+01 1.940773641967433960e+01 1.962838190785006987e+01 1.983564648473187830e+01 2.003106072575829799e+01 2.021590674052916370e+01
9.257259374231308513e+00 1.168436016027276914e+01 1.310412310557786597e+01 1.411146094631422976e+01 1.489281287846417534e+01 1.553122389161932482e+01 1.607099271225468229e+01 1.653856173235568860e+01 1.695098683692442165e+01 1.731991366450563774e+01 1.765364857508257401e+01 1.795832467766078722e+01 1.823859952283059371e+01 1.849809349829614291e+01 1.873967660981073280e+01 1.896566251839714923e+01 1.917794364914526994e+01 1.937808762296588228e+01 1.956740758115737933e+01
1.121997474461977440e+01 1.369493085183365189e+01 1.514268736548457994e+01 1.616988695904752760e+01 1.696664486357273560e+01 1.761764347269845743e+01 1.816805495408318194e+01 1.864484306626140508e+01 1.906539998634938371e+01 1.944160097078661309e+01 1.978191615665494396e+01 2.009259957991233492e+01 2.037840062440987055e+01 2.064301106129705943e+01 2.088935748443753937e+01 2.111979917347528257e+01 2.133626586658208879e+01 2.154035609356326120e+01 2.173340888701883600e+01
1.027870788869053342e+01 1.268900607780756040e+01 1.409894013399713231e+01 1.509930426692458916e+01 1.587524697105749283e+01 1.650923832311416106e+01 1.704527037353475194e+01 1.750960245604161614e+01 1.791917237930373119e+01 1.828554516017452158e+01 1.861696965446619956e+01 1.891953651223118626e+01 1.919787104026273283e+01 1.945556856265178070e+01 1.969547921636409171e+01 1.991990064515864489e+01 2.013071217303936677e+01 2.032947056842075995e+01 2.051747988184400739e+01
9.436635865137525059e+00 1.181474023783478167e+01 1.320584211866368562e+01 1.419284461053203827e+01 1.495842322067777097e+01 1.558394649136094046e+01 1.611281888099587789e+01 1.657094898322929311e+01 1.697504837218984619e+01 1.733652759337502758e+01 1.766352532446602908e+01 1.796205086405819884e+01 1.823666773975146072e+01 1.849092325369313627e+01 1.872762947420392976e+01 1.894905335592655149e+01 1.915704912115250735e+01 1.935315274488710102e+01 1.953865085975870031e+01
5.978698518501836645e+00 8.312560312568370691e+00 9.677781943963093880e+00 1.064642210663490296e+01 1.139775778772914450e+01 1.201164373802962793e+01 1.253067691347670909e+01 1.298028390070143701e+01 1.337686536942434934e+01 1.373161958179567677e+01 1.405253380242517025e+01 1.434550553209616020e+01 1.461501339791766263e+01 1.486453870754324313e+01 1.509684121319039996e+01 1.531414569476797105e+01 1.551827187836264343e+01 1.571072716349088338e+01 1.589277424609187150e+01
7.606913343554020379e+00 9.990207784216767806e+00 1.138434566018167615e+01 1.237350222487951434e+01 1.314075166371771353e+01 1.376764010084442269e+01 1.429766672226110735e+01 1.475679666554226088e+01 1.516177797680933281e+01 1.552404610438046006e+01 1.585175748810521767e+01 1.615093454150716923e+01 1.642615075180730599e+01 1.668096116292385389e+01 1.691818398034536841e+01 1.714009110620500564e+01 1.734854080952150923e+01 1.754507241747208113e+01 1.773097537068244378e+01
8.707854030676369206e+00 1.109818236042220718e+01 1.249643479773495613e+01 1.348851069016804516e+01 1.425802453551841431e+01 1.488676312748079411e+01 1.541835403252207826e+01 1.587883901991388313e+01 1.628501556479354306e+01 1.664835286526425051e+01 1.697703143352359945e+01 1.727709145722663209e+01 1.755311992146572564e+01 1.780868236226791623e+01 1.804660530257699946e+01 1.826916734965972111e+01 1.847823225690046911e+01 1.867534389453938104e+01 1.886179550876736499e+01
1.039947630013062252e+01 1.280177191747712051e+01 1.420702476927160340e+01 1.520406753482362205e+01 1.597743398627224032e+01 1.660932038661810495e+01 1.714357272572572910e+01 1.760636315217012182e+01 1.801457323841258429e+01 1.837972960361873831e+01 1.871005371609290791e+01 1.901161600396460472e+01 1.928902641727588474e+01 1.954586834307222887e+01 1.978498245541322120e+01 2.000865876951662159e+01 2.021877036973298303e+01 2.041686885575908406e+01 2.060425394848176239e+01
7.299615206930516464e+00 9.685137547599563135e+00 1.108057866152351600e+01 1.207065988826861158e+01 1.283862655071143877e+01 1.346610100219256267e+01 1.399662309168614449e+01 1.445618222893765825e+01 1.486154211611651554e+01 1.522414889138048721e+01 1.555216661920667320e+01 1.585162334286161112e+01 1.612709682485516538e+01 1.638214543235519116e+01 1.661959000530443831e+01 1.684170456960670492e+01 1.705034913138778307e+01 1.724706445678556221e+01 1.743314119179290600e+01
9.036760965174885030e+00 1.136289097197650300e+01 1.272358979775769861e+01 1.368902097877812274e+01 1.443786758032809381e+01 1.504971980455931657e+01 1.556703348911529794e+01 1.601515098557974071e+01 1.641041863034051218e+01 1.676399758712971533e+01 1.708384865976539757e+01 1.737584981136093631e+01 1.764446483190340231e+01 1.789316349591691591e+01 1.812469641291090738e+01 1.834128099238136045e+01 1.854473093189390198e+01 1.873654863714213192e+01 1.891799262091419465e+01
8.877950742640035031e+00 1.130759887574087230e+01 1.272885192355202655e+01 1.373724700884170957e+01 1.451941900357749837e+01 1.515850005665286204e+01 1.569883538796873879e+01 1.616689514194254684e+01 1.657975310446401807e+01 1.694906713667833387e+01 1.728315231645214922e+01 1.758814818975369931e+01 1.786871719547372450e+01 1.812848352106957606e+01 1.837032018448948634e+01 1.859654327504338056e+01 1.880904720400296526e+01 1.900940123756485178e+01 1.919891989522592013e+01
6.923785640462570612e+00 9.343849590120109738e+00 1.075949625001690357e+01 1.176391353977765064e+01 1.254300011659648639e+01 1.317956019967444270e+01 1.371776408122783053e+01 1.418397748943518977e+01 1.459520685957123476e+01 1.496306406625402552e+01 1.529583138703212342e+01 1.559962414933198183e+01 1.587908640021673357e+01 1.613782803088536966e+01 1.637871072615081758e+01 1.660404143909272889e+01 1.681570710813729619e+01 1.701527080922877389e+01 1.720404187650578365e+01
8.217112924264794671e+00 1.063291318022459464e+01 1.204606573919364898e+01 1.304871343618439639e+01 1.382642741021393640e+01 1.446186599515345073e+01 1.499912166354156184e+01 1.546451369214419636e+01 1.587501855412250507e+01 1.624222766617373637e+01 1.657440871404420335e+01 1.687766625111325069e+01 1.715663614251385738e+01 1.741492191950136004e+01 1.765538022514279248e+01 1.788031394810399632e+01 1.809160670238354029e+01 1.829081881008230681e+01 1.847925729854048882e+01
9.704849952617228936e+00 1.212243257517022244e+01 1.353662775175883404e+01 1.454001519772321771e+01 1.531830296563449600e+01 1.595421037431182754e+01 1.649186242752230669e+01 1.695759782027620943e+01 1.736840555090043736e+01 1.773588558818748950e+01 1.806831171774513578e+01 1.837179299686482281e+01 1.865096871100003284e+01 1.890944505007530196e+01 1.915008076477609933e+01 1.937518044282920471e+01 1.958662908795513857e+01 1.978598817345343264e+01 1.997456569098319079e+01
7.967814322131675731e+00 1.039963711549506797e+01 1.182216225801162679e+01 1.283145990885846111e+01 1.361433198782960297e+01 1.425398505137501992e+01 1.479480401065226935e+01 1.526328270222185424e+01 1.567651019389157696e+01 1.604615478119299610e+01 1.638053898441587108e+01 1.668580784473841305e+01 1.696662797417439350e+01 1.722662680401566249e+01 1.746867992370955491e+01 1.769510549558524914e+01 1.790779962651014756e+01 1.810833298725497187e+01 1.829802127387926802e+01
1.037136369990681750e+01 1.283097965110580319e+01 1.426976274873280914e+01 1.529059560230479065e+01 1.608241507962884853e+01 1.672937869993179660e+01 1.727637864687668667e+01 1.775021155350377811e+01 1.816816179755879901e+01 1.854203103082783599e+01 1.888023689118924509e+01 1.918899465113078051e+01 1.947302425709693097e+01 1.973599459807567413e+01 1.998081412845483840e+01 2.020982750470276557e+01 2.042495250417928432e+01 2.062777774875778647e+01 2.081963397150970962e+01
8.774587498516066120e+00 1.147786150269985228e+01 1.305917542432169398e+01 1.418113550688363844e+01 1.505139535700905817e+01 1.576244942850548014e+01 1.636363707983178628e+01 1.688440951106742460e+01 1.734376335012732184e+01 1.775466936119284256e+01 1.812637906242970942e+01 1.846572343268926630e+01 1.877788999261606051e+01 1.906691108401557599e+01 1.933598328281468426e+01 1.958768351525121076e+01 1.982411954033530677e+01 2.004703735431110800e+01 2.025789951726518368e+01
1.023309500993416243e+01 1.268535629715545454e+01 1.411983719215010247e+01 1.513761758437674665e+01 1.592706938873792843e+01 1.657209847937139457e+01 1.711746280478617166e+01 1.758987887159803876e+01 1.800657937436604428e+01 1.837933067595922054e+01 1.871652524410770013e+01 1.902435976659268846e+01 1.930754007642763170e+01 1.956972409200746554e+01 1.981381157095387024e+01 2.004214015881933264e+01 2.025662189848792138e+01 2.045884066158733816e+01 2.065012320207407370e+01
9.146818674893971490e+00 1.153834333424871694e+01 1.293729557952118014e+01 1.392986799360346239e+01 1.469976697106568508e+01 1.532882023887592560e+01 1.586067719855565095e+01 1.632139265295820962e+01 1.672777248414838880e+01 1.709129163042042876e+01 1.742013469821657168e+01 1.772034489823067105e+01 1.799651151128411897e+01 1.825220185791039640e+01 1.849024387569289374e+01 1.871291731231295330e+01 1.892208685394037104e+01 1.911929714350313603e+01 1.930584207444579548e+01
8.518512034562670365e+00 1.088645977215117355e+01 1.227162040230794737e+01 1.325440750973967674e+01 1.401671641369438248e+01 1.463956813989645056e+01 1.516618177085692132e+01 1.562235524732817993e+01 1.602472877005322616e+01 1.638466415128288389e+01 1.671026530925698950e+01 1.700751587748495552e+01 1.728095989321750636e+01 1.753412950844542451e+01 1.776982478143965949e+01 1.799030298491668134e+01 1.819741042197848557e+01 1.839267650764172757e+01 1.857738237946136195e+01
1.137579265470232315e+01 1.382598828237288124e+01 1.525926084399109506e+01 1.627618391004343934e+01 1.706497072056076902e+01 1.770945647166165315e+01 1.825436141004728441e+01 1.872637953771399921e+01 1.914272903327986342e+01 1.951516634823132534e+01 1.985207688091271194e+01 2.015965209933220947e+01 2.044259387255009841e+01 2.070455703771784428e+01 2.094843890984953916e+01 2.117657516538455553e+01 2.139087623659978377e+01 2.159292466095042329e+01 2.178404607480326405e+01
8.601329122112931103e+00 1.101436691775988308e+01 1.242590354103619177e+01 1.342740471340683683e+01 1.420422937385066042e+01 1.483894133668314375e+01 1.537558265483343511e+01 1.584044250905378881e+01 1.625047795995945066e+01 1.661726716949761240e+01 1.694906836934084282e+01 1.725197913233009572e+01 1.753063002250054225e+01 1.778862045048038709e+01 1.802880379277392109e+01 1.825348030470074079e+01 1.846453144635248123e+01 1.866351575560640441e+01 1.885173876522087966e+01
7.850216786253760404e+00 1.027885876718032776e+01 1.169952325369951573e+01 1.270750074810689512e+01 1.348934883419005537e+01 1.412816523462608309e+01 1.466827680532368916e+01 1.513614272903346247e+01 1.554882972114527107e+01 1.591799081511662273e+01 1.625193764542104802e+01 1.655680721555265222e+01 1.683726003361929102e+01 1.709691878625025652e+01 1.733865530163581070e+01 1.756478470996002983e+01 1.777720063799172223e+01 1.797747170207183842e+01 1.816691187733585977e+01
9.734001647120186007e+00 1.215802799851705096e+01 1.357599251484414360e+01 1.458205434991391769e+01 1.536241653517587480e+01 1.600001886624101033e+01 1.653910395591151428e+01 1.700608070131078620e+01 1.741798338256809942e+01 1.778644288657274330e+01 1.811975505155250943e+01 1.842404521763787528e+01 1.870396503564978730e+01 1.896313030730837923e+01 1.920440740289983239e+01 1.943010705270765115e+01 1.964211928466651358e+01 1.984200973396496792e+01 2.003108987853120482e+01
9.344496652094287370e+00 1.174323214138984639e+01 1.314640245177676192e+01 1.414196763068540541e+01 1.491418797689302878e+01 1.554513794107232094e+01 1.607859853468243116e+01 1.654070311998096443e+01 1.694830825145923825e+01 1.731292346618858957e+01 1.764275804851075335e+01 1.794387343036787996e+01 1.822087272999818097e+01 1.847733402397798841e+01 1.871609377657550510e+01 1.893943860927652167e+01 1.914923883057833720e+01 1.934704374075479549e+01 1.953415113454645180e+01
1.005511181972836710e+01 1.243696894681612974e+01 1.383026604823789540e+01 1.481882607390389239e+01 1.558561280112114211e+01 1.621212317532565805e+01 1.674183014909618095e+01 1.720068320099165504e+01 1.760542027674742371e+01 1.796746992820890299e+01 1.829498367625236810e+01 1.859398030241342070e+01 1.886903053574135924e+01 1.912368727618394360e+01 1.936076702963066865e+01 1.958254032807941769e+01 1.979086431986688410e+01 1.998727740383518636e+01 2.017306824297616785e+01
8.103924778532954676e+00 1.046899883951015120e+01 1.185247847661011278e+01 1.283407290048734772e+01 1.359545668720525491e+01 1.421755253758730930e+01 1.474352708464805417e+01 1.519914696146454425e+01 1.560103217468727088e+01 1.596053074818245143e+01 1.628573676549638449e+01 1.658262659856450583e+01 1.685573877011822219e+01 1.710860114562525069e+01 1.734401038528241301e+01 1.756422102244174255e+01 1.777107711958228720e+01 1.796610623566446563e+01 1.815058795348974030e+01
1.055549067797043961e+01 1.296529484033940527e+01 1.437493990940700606e+01 1.537509900270837093e+01 1.615088266575144615e+01 1.678474407177597172e+01 1.732066625439185614e+01 1.778490316507733482e+01 1.819438914084357251e+01 1.856068682812041359e+01 1.889204339199340765e+01 1.919454823414493916e+01 1.947282571334228507e+01 1.973047041676082358e+01 1.997033189718801438e+01 2.019470732744630226e+01 2.040547564634398725e+01 2.060419330321253994e+01 2.079216408130844229e+01
5.739658106391270387e+00 8.080774106466563467e+00 9.450239176348915748e+00 1.042189010654185388e+01 1.117556112035641469e+01 1.179135517642420794e+01 1.231200163231045153e+01 1.276300610661714607e+01 1.316082024630656200e+01 1.351667712043170688e+01 1.383858881994941292e+01 1.413247117649950013e+01 1.440281673784548566e+01 1.465311763238574372e+01 1.488614219031406094e+01 1.510412210669243827e+01 1.530888276375565304e+01 1.550193624638185241e+01 1.568454917527409798e+01
1.092079869372443568e+01 1.339508811645363728e+01 1.484245464468121689e+01 1.586937753918283889e+01 1.666592081924200386e+01 1.731674406741041850e+01 1.786700728321832798e+01 1.834366696191204227e+01 1.876411059563799810e+01 1.914021024197120369e+01 1.948043375637366381e+01 1.979103349013962188e+01 2.007675754776796850e+01 2.034129670594753136e+01 2.058757677019878329e+01 2.081795638464124210e+01 2.103436476762880147e+01 2.123840001836720148e+01 2.143140080875825859e+01
8.636230640212119170e+00 1.098860357417787270e+01 1.236465352825924491e+01 1.334097650814362801e+01 1.409827144523981879e+01 1.471702646222500022e+01 1.524017637489596844e+01 1.569334944210938332e+01 1.609307641630637065e+01 1.645064437920557410e+01 1.677410394679983696e+01 1.706939939619075375e+01 1.734104487693909036e+01 1.759254930886172374e+01 1.782669433328694453e+01 1.804572237607513685e+01 1.825146759656017892e+01 1.844544935027212418e+01 1.862894034828525847e+01
1.035138046950908119e+01 1.278243156486723642e+01 1.420450529298884845e+01 1.521348266022539164e+01 1.599610630792787802e+01 1.663555638834700545e+01 1.717620372783632732e+01 1.764453375558354864e+01 1.805763011646861571e+01 1.842715740328603502e+01 1.876143549531391841e+01 1.906660748370515890e+01 1.934733849960280594e+01 1.960725482319448432e+01 1.984923113140764528e+01 2.007558485094170209e+01 2.028821148696647825e+01 2.048868121182677271e+01 2.067830930406815426e+01
1.008309310976006401e+01 1.252145027354736939e+01 1.394779777772773599e+01 1.495980743733467300e+01 1.574478311372767081e+01 1.638615494151504137e+01 1.692842709525277201e+01 1.739816460112197660e+01 1.781250244569540797e+01 1.818314027751497619e+01 1.851842297969662710e+01 1.882451210530234320e+01 1.910608680565247042e+01 1.936678425904007739e+01 1.960948778169534279e+01 1.983652176490928198e+01 2.004978741043723645e+01 2.025085960948270980e+01 2.044105759341442052e+01
7.146994153944436157e+00 9.577081745175265226e+00 1.099859185951310003e+01 1.200716933640609163e+01 1.278948280506045165e+01 1.342867945074392821e+01 1.396911251421740907e+01 1.443725692763692159e+01 1.485018956508176480e+01 1.521957039629127983e+01 1.555371600310651026e+01 1.585876704197475640e+01 1.613938679509680796e+01 1.639920010544823725e+01 1.664108051062911642e+01 1.686734451886774977e+01 1.707988688408399014e+01 1.728027715631259298e+01 1.746983009281171917e+01
6.936142656422275010e+00 9.279976436241703652e+00 1.065103130535959686e+01 1.162381021606113229e+01 1.237835615953104806e+01 1.299486508517902550e+01 1.351611595468322768e+01 1.396764399588056271e+01 1.436591995429691870e+01 1.472218993935047671e+01 1.504447534315977641e+01 1.533869886499845414e+01 1.560935826798685433e+01 1.585994973450265633e+01 1.609324480846836991e+01 1.631147777569999135e+01 1.651647613750152033e+01 1.670975373411634735e+01 1.689257865665570080e+01
7.686128972935042825e+00 1.011192666687680664e+01 1.153092735216859666e+01 1.253772436081857222e+01 1.331865679101140110e+01 1.395672504611036047e+01 1.449620406893844127e+01 1.496352205476033603e+01 1.537572573140214871e+01 1.574445448495316491e+01 1.607801021577462208e+01 1.638252274005212428e+01 1.666264710777221580e+01 1.692200176288020330e+01 1.716345517024495138e+01 1.738931974870209984e+01 1.760148690731276844e+01 1.780152342534391252e+01 1.799074173907826690e+01
6.954850597243185106e+00 9.348652771053247434e+00 1.074893727687692291e+01 1.174245494486331154e+01 1.251308711821521236e+01 1.314273945068698701e+01 1.367510291232105857e+01 1.413625711867337564e+01 1.454302395651066071e+01 1.490688929202527646e+01 1.523604552608441409e+01 1.553654162449704934e+01 1.581297123858242948e+01 1.606890508613112090e+01 1.630717379784895016e+01 1.653005929248343975e+01 1.673942803199610552e+01 1.693682613032072481e+01 1.712354871311201876e+01
1.016922128121248292e+01 1.262286743685319657e+01 1.405815842794164006e+01 1.507651359249391021e+01 1.586641122490702571e+01 1.651180458358235370e+01 1.705747689323816019e+01 1.753015974813462563e+01 1.794709557467079719e+01 1.832005738054774113e+01 1.865744237298381947e+01 1.896545073922306557e+01 1.924879096980957982e+01 1.951112304887887205e+01 1.975534837163618107e+01 1.998380590377533750e+01 2.019840876797064766e+01 2.040074173031150906e+01 2.059213229401375145e+01
7.726224251301428758e+00 1.012372269217749299e+01 1.152616937562742905e+01 1.252122113305355811e+01 1.329304323862021064e+01 1.392366781650349417e+01 1.445685329992028123e+01 1.491871957392962322e+01 1.532611449995343023e+01 1.569054167949627576e+01 1.602020616330171165e+01 1.632116625737955928e+01 1.659802270610056141e+01 1.685435174079634635e+01 1.709298836294621182e+01 1.731621801480568834e+01 1.752591004033796906e+01 1.772361294082949357e+01 1.791062384173696387e+01
7.424818695890881948e+00 9.814575239147771413e+00 1.121249320280606909e+01 1.220433178240466354e+01 1.297366155361996221e+01 1.360224974606295945e+01 1.413371349012247968e+01 1.459408832566155390e+01 1.500016770972125535e+01 1.536341809687685256e+01 1.569201804247913934e+01 1.599200628931984980e+01 1.626796872524624149e+01 1.652347003337936826e+01 1.676133606053515024e+01 1.698384486891844602e+01 1.719285976608828292e+01 1.738992425297814748e+01 1.757633126642366506e+01
6.267340798420629966e+00 8.601655337188621075e+00 9.967141807256096442e+00 1.093596987595661041e+01 1.168745130829006129e+01 1.230145634602408578e+01 1.282059020846157438e+01 1.327028441472460152e+01 1.366694281609156292e+01 1.402176584705805240e+01 1.434274232167935459e+01 1.463577088479207688e+01 1.490533103231190637e+01 1.515490474722956371e+01 1.538725231712552777e+01 1.560459895349259085e+01 1.580876473542521587e+01 1.600125735485955403e+01 1.618333975268454950e+01
7.953754476177721244e+00 1.035279363097469130e+01 1.175614157429269468e+01 1.275183278577165957e+01 1.352415089043563512e+01 1.415518072908966296e+01 1.468870885560590622e+01 1.515087194056862963e+01 1.555852867240766813e+01 1.592319004523260517e+01 1.625306638263125336e+01 1.655421988388663124e+01 1.683125424996406139e+01 1.708774801040287628e+01 1.732653798855060856e+01 1.754991109536559790e+01 1.775973787611495425e+01 1.795756782720463818e+01 1.814469890766821081e+01
8.396503332328457248e+00 1.071748983839324154e+01 1.207517990912095840e+01 1.303847634445802761e+01 1.378566710861473865e+01 1.439616641518574269e+01 1.491233622415871274e+01 1.535946285052281368e+01 1.575385648591345955e+01 1.610665361467952650e+01 1.642579743783948132e+01 1.671715292125053054e+01 1.698517398464010952e+01 1.723332273022349881e+01 1.746434368540723980e+01 1.768044935658759798e+01 1.788344943091172112e+01 1.807484299197824384e+01 1.825588576977235533e+01
8.009996380605645783e+00 1.041379082142559831e+01 1.181992042874725080e+01 1.281758526224555084e+01 1.359143422707955118e+01 1.422371486956720332e+01 1.475830053565624489e+01 1.522137970306550336e+01 1.562984447688885581e+01 1.599522866789950371e+01 1.632575887388275149e+01 1.662750931038715763e+01 1.690509280366255496e+01 1.716209497647619742e+01 1.740135827522115619e+01 1.762517414388545589e+01 1.783541683546134138e+01 1.803363891770881011e+01 1.822114092242745897e+01
8.740911311039514686e+00 1.117538177155121382e+01 1.259945570006392224e+01 1.360985223206291295e+01 1.439357666947500469e+01 1.503392616057562137e+01 1.557533394096087598e+01 1.604432269257461385e+01 1.645800008908832979e+01 1.682804712998670382e+01 1.716279539677218935e+01 1.746839662108732227e+01 1.774952249575824226e+01 1.800980440147257511e+01 1.825212105849941224e+01 1.847879315308631121e+01 1.869171885650268905e+01 1.889247054960003069e+01 1.908236536091283853e+01
9.275546744088044804e+00 1.177640140589246087e+01 1.323930760280173402e+01 1.427725606769687694e+01 1.508235144456175192e+01 1.574016226460615009e+01 1.629633338825537692e+01 1.677811072950129301e+01 1.720306846151542146e+01 1.758320610636616621e+01 1.792708243475072649e+01 1.824101692641056616e+01 1.852980866392741532e+01 1.879718805005979476e+01 1.904611230327543936e+01 1.927896539130571085e+01 1.949769724558127848e+01 1.970392312331983931e+01 1.989899606909067842e+01
1.111987947174638514e+01 1.356127869391063356e+01 1.498940568816651719e+01 1.600267791607488022e+01 1.678863291652570666e+01 1.743080491033076385e+01 1.797375359479679346e+01 1.844407713823912687e+01 1.885893190458664748e+01 1.923003213868995331e+01 1.956573313461788644e+01 1.987220413249501405e+01 2.015413012128173520e+01 2.041515281696104012e+01 2.065815913294583694e+01 2.088547636040337707e+01 2.109900807300023118e+01 2.130033112675089768e+01 2.149076639887766049e+01
8.325266084468443850e+00 1.072482712401270888e+01 1.212848035033757910e+01 1.312438816355697213e+01 1.389687427758339666e+01 1.452804138988184235e+01 1.506168557961069610e+01 1.552394920310123716e+01 1.593169461620671257e+01 1.629643531712765991e+01 1.662638341551805254e+01 1.692760242942610560e+01 1.720469706130196741e+01 1.746124661915495935e+01 1.770008854345253013e+01 1.792351024264550219e+01 1.813338266891765826e+01 1.833125565575097582e+01 1.851842744453581346e+01
9.025995117926411737e+00 1.142616058138715829e+01 1.283016737303771038e+01 1.382632604484790484e+01 1.459900673991426601e+01 1.523033283649845693e+01 1.576411144552561083e+01 1.622649150830865139e+01 1.663433962814900724e+01 1.699917220337501433e+01 1.732920341218376237e+01 1.763049829995920348e+01 1.790766272902708423e+01 1.816427690898635916e+01 1.840317899502556642e+01 1.862665697176939972e+01 1.883658226267461444e+01 1.903450509160975557e+01 1.922172402697839289e+01
9.576332850167883493e+00 1.196743705277981107e+01 1.336614334662455050e+01 1.435854125539173864e+01 1.512830487601576124e+01 1.575724754923647808e+01 1.628901100252310030e+01 1.674964545800366622e+01 1.715595384308121751e+01 1.751940907862768881e+01 1.784819433214010687e+01 1.814835175184840566e+01 1.842446981172714615e+01 1.868011520513502788e+01 1.891811537247242825e+01 1.914074966061559380e+01 1.934988242790165813e+01 1.954705804569314509e+01 1.973357017995367713e+01
9.961063517819297886e+00 1.244834678740480172e+01 1.390331422878343304e+01 1.493563005699030555e+01 1.573635642141317703e+01 1.639059749836893687e+01 1.694375044724169399e+01 1.742291332657580938e+01 1.784556493974756464e+01 1.822363969099868086e+01 1.856564990513094671e+01 1.887788076795444070e+01 1.916510531886133606e+01 1.943103371682719782e+01 1.967860713237731218e+01 1.991019659616131321e+01 2.012774145791369662e+01 2.033284820933307202e+01 2.052686255241948032e+01
8.770661494076023246e+00 1.119346307631540860e+01 1.261071114861333342e+01 1.361626465855479395e+01 1.439623255621520670e+01 1.503351273085272055e+01 1.557232544114471473e+01 1.603906624079418108e+01 1.645076080315064360e+01 1.681903413845459383e+01 1.715217789335942555e+01 1.745631431309210768e+01 1.773609269816972756e+01 1.799512702338410008e+01 1.823628221075252043e+01 1.846186782303356821e+01 1.867377293320204146e+01 1.887356238539003073e+01 1.906254699488536275e+01
6.063624553957294161e+00 8.450649621551770352e+00 9.846969774375921247e+00 1.083767468914624565e+01 1.160612512160531296e+01 1.223399484197039655e+01 1.276485112654353138e+01 1.322469975674072096e+01 1.363031499479454922e+01 1.399315018919978826e+01 1.432137454727345549e+01 1.462101990956487363e+01 1.489666692228231781e+01 1.515187619413800668e+01 1.538947034202393915e+01 1.561172482433519804e+01 1.582050081888279358e+01 1.601734006238902452e+01 1.620353401387140124e+01
1.037000800871103401e+01 1.276038247685471916e+01 1.415866190340005204e+01 1.515075694499840253e+01 1.592028564359529064e+01 1.654903637154373541e+01 1.708063753741503277e+01 1.754113141314208590e+01 1.794731579808906829e+01 1.831066011173897579e+01 1.863934502419060735e+01 1.893941083968741879e+01 1.921544463186031138e+01 1.947101200555871614e+01 1.970893953828430867e+01 1.993150588128576928e+01 2.014057482392188447e+01 2.033769026623275167e+01 2.052414547937166844e+01
7.207191704799043919e+00 9.611722020663890476e+00 1.101828208729202174e+01 1.201625233652873703e+01 1.279033820021401446e+01 1.342281240315686830e+01 1.395756172227894609e+01 1.442078265239358359e+01 1.482937246978500134e+01 1.519486851607886102e+01 1.552549990747382047e+01 1.582734271902171486e+01 1.610501118909966678e+01 1.636209203814379265e+01 1.660142858270699406e+01 1.682531296825843015e+01 1.703562002155654653e+01 1.723390278564984612e+01 1.742146219047052114e+01
9.269816574044678958e+00 1.165970209083720910e+01 1.305769549917744143e+01 1.404958760762973924e+01 1.481895889904965813e+01 1.544758101596997157e+01 1.597907344276637076e+01 1.643947312442227116e+01 1.684557442431020391e+01 1.720884441584219005e+01 1.753746209576009463e+01 1.783746653276250171e+01 1.811344386219390756e+01 1.836895895955889912e+01 1.860683782418242060e+01 1.882935864121479952e+01 1.903838481877651034e+01 1.923545994110273227e+01 1.942187701480801110e+01
8.487224641494183430e+00 1.091996333965399835e+01 1.234302425213069121e+01 1.335270203781381149e+01 1.413586897227116168e+01 1.477576295029050613e+01 1.531678559985314436e+01 1.578544073597362463e+01 1.619882386276719899e+01 1.656860767043097482e+01 1.690311781379077871e+01 1.720850164845031927e+01 1.748942754402361288e+01 1.774952429801295750e+01 1.799166858290767124e+01 1.821817943413343954e+01 1.843095367269414808e+01 1.863156256092701213e+01 1.882132229042618476e+01
1.062479071270615094e+01 1.310364125459708795e+01 1.455367586649560252e+01 1.558249179648802318e+01 1.638050342894947775e+01 1.703252640838653775e+01 1.758380398252883126e+01 1.806134233837896019e+01 1.848256102028505410e+01 1.885935397084041654e+01 1.920020465519985464e+01 1.951137695027747654e+01 1.979762771325494342e+01 2.006265452441976649e+01 2.030938858273893288e+01 2.054019288026989898e+01 2.075700019169862287e+01 2.096141156217599288e+01 2.115476813131920153e+01
1.042590433392840232e+01 1.281131881630954261e+01 1.420669683717967580e+01 1.519673329869068112e+01 1.596466523852036445e+01 1.659211131956081431e+01 1.712260942218858517e+01 1.758214778107182141e+01 1.798748934043094749e+01 1.835007972090150474e+01 1.867808261783303792e+01 1.897752580194195460e+01 1.925298682876054457e+01 1.950802390456972546e+01 1.974545774177163793e+01 1.996756226345295815e+01 2.017619739164172188e+01 2.037290382281208778e+01 2.055897214460203415e+01
9.782016021064809053e+00 1.212297189299784783e+01 1.349234329392167275e+01 1.446392776493088661e+01 1.521754722899767565e+01 1.583329916585471331e+01 1.635391001045567805e+01 1.680488363686392717e+01 1.720267056677853645e+01 1.755850310093071442e+01 1.788039278226460738e+01 1.817425503778775209e+01 1.844458210798143938e+01 1.869486588238871505e+01 1.892787450185453935e+01 1.914583950879696417e+01 1.935058616059789571e+01 1.954362643871157701e+01 1.972622687720648571e+01
1.046413441386894405e+01 1.294336341350162201e+01 1.439361940898716341e+01 1.542259241313429996e+01 1.622072588177555019e+01 1.687284840861984136e+01 1.742421014889569264e+01 1.790182141276697791e+01 1.832310440410538277e+01 1.869995488140822815e+01 1.904085760504074898e+01 1.935207740825251932e+01 1.963837187447691335e+01 1.990343914852837059e+01 2.015021087689376955e+01 2.038105041239965587e+01 2.059789082481776745e+01 2.080233340373806428e+01 2.099571949353581601e+01
1.000557604971744219e+01 1.244702671716109421e+01 1.387518380497626858e+01 1.488847738460474623e+01 1.567444894673636036e+01 1.631663447241992060e+01 1.685959459792620052e+01 1.732992805204839826e+01 1.774479156023509674e+01 1.811589961418001238e+01 1.845160768401514417e+01 1.875808513986357084e+01 1.904001706940801242e+01 1.930104526536985432e+01 1.954405670199518852e+01 1.977137871949204850e+01 1.998491493163921007e+01 2.018624222767874699e+01 2.037668151266653638e+01
9.614974251793343640e+00 1.197439370615114917e+01 1.335456561042243706e+01 1.433381316050895471e+01 1.509337657049054471e+01 1.571398506478024260e+01 1.623870207018319789e+01 1.669323261486676202e+01 1.709415696905153226e+01 1.745279602484835024e+01 1.777722451382669533e+01 1.807340451913804813e+01 1.834586371245375247e+01 1.859812152454100342e+01 1.883296792911963635e+01 1.905265206922456755e+01 1.925901359840402804e+01 1.945357642340933779e+01 1.963761706771391857e+01
6.324971320011706588e+00 8.723118751435121609e+00 1.012594507001858091e+01 1.112126618285853930e+01 1.189329721671570006e+01 1.252409250144199682e+01 1.305742231543803378e+01 1.351941361428195520e+01 1.392691882002545611e+01 1.429144464813911597e+01 1.462119837043169213e+01 1.492223993286541273e+01 1.519917132520895642e+01 1.545556974686144969e+01 1.569427096672257527e+01 1.591756104570537111e+01 1.612730983379486460e+01 1.632506625144887380e+01 1.651212777524930075e+01
1.066748189937375457e+01 1.310594945046596749e+01 1.453236152708026196e+01 1.554441700155818040e+01 1.632942821472594730e+01 1.697082907817247488e+01 1.751312578121023122e+01 1.798288455265039332e+01 1.839724115478676936e+01 1.876789576581816021e+01 1.910319364664321284e+01 1.940929662926468779e+01 1.969088407683362263e+01 1.995159333230244414e+01 2.019430784243245469e+01 2.042135210374260623e+01 2.063462740405788765e+01 2.083570870587898227e+01 2.102591530029776834e+01
6.287804757058471417e+00 8.684176946601970926e+00 1.008596481525596822e+01 1.108054913614546955e+01 1.185200866976626521e+01 1.248233700479946862e+01 1.301527201845537185e+01 1.347692132568896994e+01 1.388412487345346591e+01 1.424838085930976561e+01 1.457789047958834416e+01 1.487870919434296724e+01 1.515543558669397051e+01 1.541164420799887047e+01 1.565016872796376290e+01 1.587329351523246856e+01 1.608288703562324073e+01 1.628049706299696453e+01 1.646742011347134849e+01
6.268953006912474812e+00 8.624337634494009919e+00 1.000214931640427451e+01 1.097972226207554591e+01 1.173798674795984986e+01 1.235753394398581051e+01 1.288135363449231541e+01 1.333510688965708191e+01 1.373534562589607511e+01 1.409337137554138586e+01 1.441724506162027453e+01 1.471291857156734650e+01 1.498491183431415408e+01 1.523673826207385140e+01 1.547118305745164868e+01 1.569049151723861790e+01 1.589650014900427166e+01 1.609073025347760932e+01 1.627445617115815324e+01
6.472248177005056391e+00 8.782871979360580283e+00 1.013450025701229507e+01 1.109349578171610595e+01 1.183735050040981207e+01 1.244512405936781896e+01 1.295898928157129504e+01 1.340411958407162984e+01 1.379675233701953374e+01 1.414797430276533596e+01 1.446569321764969551e+01 1.475574786172334463e+01 1.502257226892363207e+01 1.526961308392681893e+01 1.549960258041705075e+01 1.571474338642715374e+01 1.591683710924183082e+01 1.610737613937505941e+01 1.628761060024872265e+01
9.583195655576240313e+00 1.196826091474533627e+01 1.336343465313204248e+01 1.435332617391443044e+01 1.512114568898077138e+01 1.574849991230113666e+01 1.627892035033319473e+01 1.673839143308352462e+01 1.714367365068784466e+01 1.750621094814986733e+01 1.783416582565916642e+01 1.813356517147023084e+01 1.840898587096403816e+01 1.866398560950229069e+01 1.890138468653657355e+01 1.912345669225262057e+01 1.933206127638702654e+01 1.952873890985693706e+01 1.971477999135909442e+01
6.820658398273286238e+00 9.174662326937452761e+00 1.055166635175626944e+01 1.152866625560161928e+01 1.228648625571383945e+01 1.290567028042043596e+01 1.342918291395157127e+01 1.388267018426578581e+01 1.428267430523925263e+01 1.464049018437800598e+01 1.496417401949051929e+01 1.525967420908460248e+01 1.553150803256233736e+01 1.578318684261573779e+01 1.601749420919682265e+01 1.623667411292995055e+01 1.644256198484537990e+01 1.663667823390341738e+01 1.682029645360008985e+01
7.522177090560817625e+00 9.951911291209658117e+00 1.137321468530892332e+01 1.238164549185849772e+01 1.316384519415604792e+01 1.380294888595776293e+01 1.434330335804403767e+01 1.481137969250733732e+01 1.522425228005702813e+01 1.559357939480488753e+01 1.592767640916983396e+01 1.623268308660660253e+01 1.651326203116758506e+01 1.677303755869287727e+01 1.701488278890415273e+01 1.724111389315617870e+01 1.745362534982804803e+01 1.765398648070586773e+01 1.784351185185188271e+01
9.613367520947248224e+00 1.202908478189815433e+01 1.344218879189925886e+01 1.444480204284906044e+01 1.522248929845350318e+01 1.585790605285016497e+01 1.639514326377728892e+01 1.686051930379996833e+01 1.727101006285126772e+01 1.763820655940440929e+01 1.797037619516870066e+01 1.827362331380107108e+01 1.855258362116899207e+01 1.881086052472819503e+01 1.905131056940551204e+01 1.927623656475087444e+01 1.948752206005112697e+01 1.968672732380217383e+01 1.987515933844117910e+01
6.911614589545082232e+00 9.347000043958555437e+00 1.077160920959219226e+01 1.178238549837203131e+01 1.256640449802775450e+01 1.320699466400566635e+01 1.374860593210024362e+01 1.421777095278550540e+01 1.463160382963930140e+01 1.500178995244122859e+01 1.533666403411241674e+01 1.564238011841914044e+01 1.592361165403979584e+01 1.618399138651371771e+01 1.642639911807486541e+01 1.665315640719898127e+01 1.686616213858173197e+01 1.706698928405277726e+01 1.725695546718839068e+01
7.362796738234330896e+00 9.803572466893704984e+00 1.123133474082979433e+01 1.224434819555307996e+01 1.303010247592770554e+01 1.367211046948916930e+01 1.421492049372496069e+01 1.468512392421245316e+01 1.509987274342525865e+01 1.547087820458707874e+01 1.580649346796105803e+01 1.611288619814854428e+01 1.639474018764024521e+01 1.665569622238433567e+01 1.689864047852316986e+01 1.712589965287182636e+01 1.733937683295524224e+01 1.754064847208463362e+01 1.773103511015180089e+01
1.057302697623144638e+01 1.303970564328653481e+01 1.448262016484260783e+01 1.550638431034162323e+01 1.630047747432596594e+01 1.694929883189769626e+01 1.749786947332303910e+01 1.797306297739671166e+01 1.839221335345376929e+01 1.876715614138105792e+01 1.910633315005992472e+01 1.941597749895278469e+01 1.970082268769342448e+01 1.996454814037812753e+01 2.021007066293712739e+01 2.043974164445180008e+01 2.065548436912403929e+01 2.085889202050885771e+01 2.105129915283910691e+01
1.082042514546012590e+01 1.330350262667802497e+01 1.475600983957563628e+01 1.578658010789592225e+01 1.658595251088210887e+01 1.723908732079353356e+01 1.779130493420759151e+01 1.826965758911381954e+01 1.869159453369114487e+01 1.906902999210000971e+01 1.941046189551158108e+01 1.972216480201143085e+01 2.000890368018057686e+01 2.027438241542548880e+01 2.052153720499762102e+01 2.075273507033172038e+01 2.096991208188377342e+01 2.117467201490904216e+01 2.136835829593783487e+01
7.156606858916061853e+00 9.519685881185266041e+00 1.090199849545356514e+01 1.188276490345447201e+01 1.264350643116188877e+01 1.326507751772277111e+01 1.379060838329458427e+01 1.424584392572367619e+01 1.464739013199106843e+01 1.500658545343109296e+01 1.533151714589265957e+01 1.562815653999197529e+01 1.590103833002704548e+01 1.615368740556379024e+01 1.638889806769939028e+01 1.660892294799288038e+01 1.681560455337962168e+01 1.701046915426027439e+01 1.719479525405478526e+01
9.202681543016437260e+00 1.163488903856711687e+01 1.305763921743718114e+01 1.406709653411779470e+01 1.485009245953118828e+01 1.548984671298786076e+01 1.603075122711603484e+01 1.649930402966847254e+01 1.691259689185792681e+01 1.728229995508186789e+01 1.761673705621108965e+01 1.792205420853854037e+01 1.820291876231264183e+01 1.846295872266671267e+01 1.870505013395193217e+01 1.893151152521915392e+01 1.914423930329038726e+01 1.934480438740860464e+01 1.953452268176988227e+01
6.934426637853368547e+00 9.334861767093958207e+00 1.073902630311344630e+01 1.173529689633454964e+01 1.250806440439167133e+01 1.313946143235403596e+01 1.367330001300692111e+01 1.413573202557513930e+01 1.454362596837352406e+01 1.490849953363226277e+01 1.523856782243597330e+01 1.553989656159462740e+01 1.581709213091639477e+01 1.607373514224751077e+01 1.631266406965174909e+01 1.653616715481572896e+01 1.674611603145623917e+01 1.694406109761411372e+01 1.713130106759098226e+01
6.571780634552392364e+00 8.909691895262685790e+00 1.027728231279192883e+01 1.124760315597297833e+01 1.200024247414915379e+01 1.261519357350222137e+01 1.313512731964133096e+01 1.358551441668327087e+01 1.398278399103146619e+01 1.433815373485944811e+01 1.465962477142176468e+01 1.495310483421251568e+01 1.522308032117407350e+01 1.547303858035162527e+01 1.570574415238869115e+01 1.592342567739356340e+01 1.612790603884645080e+01 1.632069525174176050e+01 1.650305820291322334e+01
6.837057484936660323e+00 9.147339208003401723e+00 1.049876738209890270e+01 1.145762093107014223e+01 1.220136552483011094e+01 1.280904910516564499e+01 1.332283825152779677e+01 1.376790265413688275e+01 1.416047727926114597e+01 1.451164724789685145e+01 1.482931912567359944e+01 1.511933082823238550e+01 1.538611573306826763e+01 1.563311997459453906e+01 1.586307542199235421e+01 1.607818437720362326e+01 1.628024818079176939e+01 1.647075900232788825e+01 1.665096678015772369e+01
6.628337489962104812e+00 9.001587128330164944e+00 1.038984917162552435e+01 1.137483676669822330e+01 1.213885250147017558e+01 1.276309880999358271e+01 1.329089154350610613e+01 1.374808640506628343e+01 1.415136085328894211e+01 1.451210213983823394e+01 1.483843232785210198e+01 1.513634844836164284e+01 1.541040471284325619e+01 1.566414118187416449e+01 1.590036418313359334e+01 1.612133604343434357e+01 1.632890719980235517e+01 1.652461049165700047e+01 1.670972992505582511e+01
9.881286578003365406e+00 1.225826313351396557e+01 1.364870528358100721e+01 1.463523968902456751e+01 1.540045522313202042e+01 1.602568183909161093e+01 1.655430341073158118e+01 1.701221624453516768e+01 1.741612398915865256e+01 1.777743177864262236e+01 1.810427443089631083e+01 1.840265839460220931e+01 1.867714503310499907e+01 1.893127996624218312e+01 1.916787392870966400e+01 1.938919280004576962e+01 1.959708992317617415e+01 1.979310054466925095e+01 1.997851068696721200e+01
9.235666929234172429e+00 1.163275682110371179e+01 1.303496451870512374e+01 1.402984671297325114e+01 1.480153729513656558e+01 1.543205441057466309e+01 1.596514903578865407e+01 1.642693660484279050e+01 1.683426210817607682e+01 1.719862718700610671e+01 1.752823549388351765e+01 1.782914430244420245e+01 1.810595357306275233e+01 1.836223892765819343e+01 1.860083488460751866e+01 1.882402649671233164e+01 1.903368278938770786e+01 1.923135200004561440e+01 1.941833103310429820e+01
9.252894904707321899e+00 1.164969198772506331e+01 1.305172840312829408e+01 1.404648907074280650e+01 1.481808538951029419e+01 1.544852548614603727e+01 1.598155499289048720e+01 1.644328615376054614e+01 1.685056190154926625e+01 1.721488247252803561e+01 1.754445051715654103e+01 1.784532256916377690e+01 1.812209802703088712e+01 1.837835207590822861e+01 1.861691888793126637e+01 1.884008323677828756e+01 1.904971391955954729e+01 1.924735898456700767e+01 1.943431517779971784e+01
5.650608031291775468e+00 8.024476745069804906e+00 9.413100924265116021e+00 1.039834545884783346e+01 1.116256049138710793e+01 1.178696963804314457e+01 1.231490004923507975e+01 1.277221417262586378e+01 1.317559381723845569e+01 1.353642920516513826e+01 1.386284451822934294e+01 1.416083835182117490e+01 1.443496610540850433e+01 1.468876876301311007e+01 1.492505338436044937e+01 1.514608288640389411e+01 1.535370818886620903e+01 1.554946253101648601e+01 1.573463025385240321e+01
1.005584155599535556e+01 1.244466451828462539e+01 1.384203637208547732e+01 1.483348748057389699e+01 1.560251670584686678e+01 1.623085933437474893e+01 1.676211545710236450e+01 1.722231044286316504e+01 1.762823118817559731e+01 1.799133966813613483e+01 1.831981124306566855e+01 1.861968229666401697e+01 1.889553692525803186e+01 1.915093841939163610e+01 1.938871152193698677e+01 1.961113340515243664e+01 1.982006664867830636e+01 2.001705415046486891e+01 2.020338834224975599e+01
1.110389769908209523e+01 1.355823211430566921e+01 1.499392571144084663e+01 1.601256652952924142e+01 1.680268573203865401e+01 1.744826012666441883e+01 1.799408550003536433e+01 1.846690094475281185e+01 1.888395372379959625e+01 1.925702014726222799e+01 1.959449977781620333e+01 1.990259454188799282e+01 2.018601425077599387e+01 2.044841991525893476e+01 2.069271374439740541e+01 2.092123535997638584e+01 2.113589842131032981e+01 2.133828813902317023e+01 2.152973238870178463e+01
6.117629820500267712e+00 8.495189844054628736e+00 9.885973301047638273e+00 1.087274986760898798e+01 1.163815323647219735e+01 1.226353332460199930e+01 1.279228465511299540e+01 1.325030989116334901e+01 1.365431678159500883e+01 1.401571326002655660e+01 1.434263614119226027e+01 1.464109334815635854e+01 1.491564736392529333e+01 1.516984467866735642e+01 1.540649671701956613e+01 1.562786991471771003e+01 1.583581806962099847e+01 1.603187680514936986e+01 1.621733245942041535e+01
1.111917473156480618e+01 1.361126997190764598e+01 1.506905223573388497e+01 1.610336521225048401e+01 1.690564068525192098e+01 1.756114747607672300e+01 1.811537057077760693e+01 1.859546045259332558e+01 1.901892973990296198e+01 1.939773592559475901e+01 1.974040780266233952e+01 2.005324271641956457e+01 2.034102294031982083e+01 2.060746581112044495e+01 2.085551818942099800e+01 2.108755569293616716e+01 2.130552142332299681e+01 2.151102498024580356e+01 2.170541466913896045e+01
1.026565172934223291e+01 1.266341857238406909e+01 1.406602226103609432e+01 1.506118541542590528e+01 1.583309392719044872e+01 1.646378910407792873e+01 1.699703427810225520e+01 1.745895225846773968e+01 1.786639279272995395e+01 1.823086077023228313e+01 1.856056216028129313e+01 1.886155594711976491e+01 1.913844339017602181e+01 1.939480112114409138e+01 1.963346445888430836e+01 1.985671910150957586e+01 2.006643460225787479e+01 2.026415963577179014e+01 2.045119147272241733e+01
9.109876690056456283e+00 1.149892929581015721e+01 1.289643548242623794e+01 1.388798190156385992e+01 1.465708505551983976e+01 1.528548808817994065e+01 1.581679528187365769e+01 1.627703450731756263e+01 1.668299427479601960e+01 1.704613766127354069e+01 1.737464081298864116e+01 1.767454069393364335e+01 1.795042184111592931e+01 1.820584788762736039e+01 1.844364384788962141e+01 1.866608711307126711e+01 1.887504044186701080e+01 1.907204688054972408e+01 1.925839898510169945e+01
9.309082331587642756e+00 1.170616154516310736e+01 1.310836299636291358e+01 1.410324075873857197e+01 1.487492790325901737e+01 1.550544220993837818e+01 1.603853446038069208e+01 1.650031997231403480e+01 1.690764366113818440e+01 1.727200711683448020e+01 1.760161395540882978e+01 1.790252142351384279e+01 1.817932946103270453e+01 1.843561367395615846e+01 1.867420856803428819e+01 1.889739918588950118e+01 1.910705454461093922e+01 1.930472287471364723e+01 1.949170107483856995e+01
9.560153077064965643e+00 1.200076737085093725e+01 1.342843521143977803e+01 1.444138166463690887e+01 1.522708397459029328e+01 1.586904950522574964e+01 1.641182362756915580e+01 1.688199595842288048e+01 1.729671734581459219e+01 1.766769826837626667e+01 1.800329133388629543e+01 1.830966379901172303e+01 1.859149914645344737e+01 1.885243792135512919e+01 1.909536610896510567e+01 1.932261025220885386e+01 1.953607331273956405e+01 1.973733163960056203e+01 1.992770568534208309e+01
1.031160779410155826e+01 1.277749629605779980e+01 1.421994860066166844e+01 1.524338479801404134e+01 1.603722358565346795e+01 1.668583710261790998e+01 1.723423201731366561e+01 1.770927329997028465e+01 1.812828940722177862e+01 1.850311208760970771e+01 1.884218044580314100e+01 1.915172560457415329e+01 1.943647954724787397e+01 1.970012051926990893e+01 1.994556439221357635e+01 2.017516180192652797e+01 2.039083541651416098e+01 2.059417790917802193e+01 2.078652340664566367e+01
8.557198002191430675e+00 1.100209047793269335e+01 1.243226089453664152e+01 1.344698295367395602e+01 1.423406253059378912e+01 1.487715337027790419e+01 1.542087892786526737e+01 1.589187542941522047e+01 1.630732378688185236e+01 1.667895500633505179e+01 1.701513633693917882e+01 1.732204584601916864e+01 1.760437522600870608e+01 1.786577140360653004e+01 1.810912542293899818e+01 1.833676790515648491e+01 1.855060514763638935e+01 1.875221626262311503e+01 1.894292401730394815e+01
9.478487121901215673e+00 1.190779850363938941e+01 1.332885456453131745e+01 1.433710988537756137e+01 1.511917347038871817e+01 1.575816594626949119e+01 1.629842638663443566e+01 1.676642126711573511e+01 1.717922200716142100e+01 1.754848485212689013e+01 1.788252372740171126e+01 1.818747732800766315e+01 1.846800744661736715e+01 1.872773776837260939e+01 1.896954091301881817e+01 1.919573264885390884e+01 1.940820712458251762e+01 1.960853338889959119e+01 1.979802577910845329e+01
9.016086688514736380e+00 1.140183817489420548e+01 1.279741333046595564e+01 1.378758966127367458e+01 1.455563009215850911e+01 1.518316481684542296e+01 1.571373786660838334e+01 1.617334114765314368e+01 1.657873997241717490e+01 1.694138157853797821e+01 1.726943081470680141e+01 1.756891630322489206e+01 1.784441624632746937e+01 1.809948935298785244e+01 1.833695673410973015e+01 1.855909263403261278e+01 1.876775723754858305e+01 1.896449145879664400e+01 1.915058606774501371e+01
1.021126268811936555e+01 1.265738664974415428e+01 1.408827743941013289e+01 1.510351061136894302e+01 1.589098663819313906e+01 1.653440140103491984e+01 1.707840083174976087e+01 1.754963457299373175e+01 1.796529219070090022e+01 1.833711059981792602e+01 1.867346126407048601e+01 1.898052536265970858e+01 1.926299695121237221e+01 1.952452479337454960e+01 1.976800138948390639e+01 1.999575853461852049e+01 2.020970348635276181e+01 2.041141615232568896e+01 2.060221996599892691e+01
7.837902676838295335e+00 1.021422317818158731e+01 1.160428156116231335e+01 1.259054367952488107e+01 1.335554801136411029e+01 1.398060206250560533e+01 1.450907773267078227e+01 1.496686418086817483e+01 1.537066044548632959e+01 1.573186851270740227e+01 1.605862095520131660e+01 1.635692256384889731e+01 1.663133344304197081e+01 1.688539823401407602e+01 1.712192689568812654e+01 1.734318468221146858e+01 1.755102442498038329e+01 1.774698094682962335e+01 1.793233991525452353e+01
9.570172852777773187e+00 1.198459413930488537e+01 1.339694005286617795e+01 1.439901542583199934e+01 1.517628547085916679e+01 1.581136133939329014e+01 1.634831033543031609e+01 1.681343671235911330e+01 1.722370725295458271e+01 1.759070675738627898e+01 1.792269819210060788e+01 1.822578262592040232e+01 1.850459327776801643e+01 1.876273162195743183e+01 1.900305267094757156e+01 1.922785799888622549e+01 1.943903014458118506e+01 1.963812853948169490e+01 1.982645946486015376e+01
7.391927549057719204e+00 9.759400826369370563e+00 1.114428391505610705e+01 1.212687410368102370e+01 1.288903026554270426e+01 1.351175719236776018e+01 1.403826530695843289e+01 1.449434738099267683e+01 1.489664028105449489e+01 1.525650354285435739e+01 1.558203946086851488e+01 1.587923046967941154e+01 1.615261969605941772e+01 1.640573858427008602e+01 1.664138663154109210e+01 1.686182065830432819e+01 1.706888659772225836e+01 1.726411355836614803e+01 1.744878242109234279e+01
8.438243289736460540e+00 1.079847079445845459e+01 1.217911537789148646e+01 1.315869829918044864e+01 1.391852184327635200e+01 1.453934288261348051e+01 1.506423959229348775e+01 1.551892580390244092e+01 1.591998746604651238e+01 1.627874934799834605e+01 1.660328894674913514e+01 1.689957038733547279e+01 1.717212289205876985e+01 1.742446709701548002e+01 1.765939393143137792e+01 1.787915330862443497e+01 1.808558551218462185e+01 1.828021497076850466e+01 1.846431864503131948e+01
7.293029566894504434e+00 9.742399184024630898e+00 1.117518856045149178e+01 1.219176880115475825e+01 1.298028969567244850e+01 1.362455817758161913e+01 1.416927941748311603e+01 1.464113841828488560e+01 1.505734755400847824e+01 1.542965931280257585e+01 1.576645626612399731e+01 1.607392779471174649e+01 1.635677418253086657e+01 1.661864903461324161e+01 1.686244868922943496e+01 1.709050803541501296e+01 1.730473686140146938e+01 1.750671717113860737e+01 1.769777415409435406e+01
6.567792965013997453e+00 8.969096449802288262e+00 1.037376894125447535e+01 1.137039993459057996e+01 1.214344699069486033e+01 1.277507242604276705e+01 1.330910412238848473e+01 1.377170341937887166e+01 1.417974491749495236e+01 1.454475047548315203e+01 1.487493816623453924e+01 1.517637591083105875e+01 1.545367175543520588e+01 1.571040760717677642e+01 1.594942296693533734e+01 1.617300690416716336e+01 1.638303172965109056e+01 1.658104840228324406e+01 1.676835610617414218e+01
8.850828351314220299e+00 1.127152145309484688e+01 1.268753614339089530e+01 1.369221455487547345e+01 1.447150367343868993e+01 1.510822924517152188e+01 1.564657304538895133e+01 1.611290765665610181e+01 1.652424393546757031e+01 1.689219677521931828e+01 1.722505060663131360e+01 1.752892234695214668e+01 1.780845725057340800e+01 1.806726614716957968e+01 1.830821146551536671e+01 1.853360075843672661e+01 1.874532145491355806e+01 1.894493703724819511e+01 1.913375717997123715e+01
1.028903886566256176e+01 1.271630253350932982e+01 1.413616075856258192e+01 1.514356620135609788e+01 1.592497056973532032e+01 1.656342442640934820e+01 1.710322947072377886e+01 1.757082986920286771e+01 1.798328265146260208e+01 1.835223423758208838e+01 1.868599154498120996e+01 1.899068809425611803e+01 1.927098174856357105e+01 1.953049313857054869e+01 1.977209246263533871e+01 1.999809353704963399e+01 2.021038891390323400e+01 2.041054631930936836e+01 2.059987898269083928e+01
7.340729237749413549e+00 9.683279662490097195e+00 1.105358381701181436e+01 1.202583008723078173e+01 1.277996288264513147e+01 1.339613424175249889e+01 1.391709970281330300e+01 1.436838051197146449e+01 1.476643839627421428e+01 1.512251330738581423e+01 1.544462224534956540e+01 1.573868466649318165e+01 1.600919587120812437e+01 1.625965012755398575e+01 1.649281746190753140e+01 1.671093093671214902e+01 1.691581705263215696e+01 1.710898882101489704e+01 1.729171363863432020e+01
9.509926769673226588e+00 1.185788315444231067e+01 1.323134959286104007e+01 1.420583953921139475e+01 1.496171266503872488e+01 1.557930597763012415e+01 1.610147368323129413e+01 1.655379592398048061e+01 1.695277241604885177e+01 1.730966904980780896e+01 1.763252132632471714e+01 1.792726236239920823e+01 1.819839783233571495e+01 1.844943006800037821e+01 1.868313548822654013e+01 1.890175230874956469e+01 1.910711124529334271e+01 1.930072880081793940e+01 1.948387529689935604e+01
9.688380292174125330e+00 1.207466785042576163e+01 1.347055658794041832e+01 1.446095540867739615e+01 1.522916841615876038e+01 1.585684414619205285e+01 1.638753641427667418e+01 1.684724296692903067e+01 1.725273288370671310e+01 1.761545597441039490e+01 1.794357892235062124e+01 1.824313170444368737e+01 1.851869355163439934e+01 1.877382397252830870e+01 1.901134471192505160e+01 1.923353052518066519e+01 1.944224201506568761e+01 1.963902044195834762e+01 1.982515686585935910e+01
8.020814533203799002e+00 1.043998386312976479e+01 1.185510720403117979e+01 1.285915319305572879e+01 1.363795176664873132e+01 1.427427653395714557e+01 1.481228145886225178e+01 1.527832252298169280e+01 1.568939987485856058e+01 1.605712109657469711e+01 1.638976540398728687e+01 1.669344586388310958e+01 1.697280480657061119e+01 1.723145078878821579e+01 1.747224443747611389e+01 1.769749185290765681e+01 1.790907927596866145e+01 1.810856920478452636e+01 1.829727048947518853e+01
8.205465876552183957e+00 1.053253525799382295e+01 1.189378358271355829e+01 1.285960463943546195e+01 1.360875365207368048e+01 1.422085296415519728e+01 1.473837555851191361e+01 1.518667402087710094e+01 1.558210128887493084e+01 1.593582303351531948e+01 1.625580327347412535e+01 1.654792234559683450e+01 1.681664584250884786e+01 1.706544493995355083e+01 1.729707135823505482e+01 1.751374340231873816e+01 1.771727550220629510e+01 1.790917067031656984e+01 1.809068792767026679e+01
8.423808714731945813e+00 1.080318879135825050e+01 1.219503691114767108e+01 1.318256886798455696e+01 1.394855816306580998e+01 1.457441698777397576e+01 1.510357308429460410e+01 1.556194894461086164e+01 1.596626510756339634e+01 1.632793823969211644e+01 1.665511138456862028e+01 1.695379706440028045e+01 1.722856125483352230e+01 1.748295316092091056e+01 1.771978635948153524e+01 1.794132902123716633e+01 1.814943636315335596e+01 1.834564518418970280e+01 1.853124280717233674e+01
7.783846738913587693e+00 1.021169552391854829e+01 1.163189602056787031e+01 1.263954430892350800e+01 1.342113704295475252e+01 1.405974480557283002e+01 1.459967997550883645e+01 1.506739309392846948e+01 1.547994530222215204e+01 1.584898582795971222e+01 1.618282359102989432e+01 1.648759359057779150e+01 1.676795481258653453e+01 1.702752876051379616e+01 1.726918632460903424e+01 1.749524187893342742e+01 1.770758843179614672e+01 1.790779408722711352e+01 1.809717239121673771e+01
7.991134433249822422e+00 1.037836813177313466e+01 1.177481032586714704e+01 1.276560183029644868e+01 1.353411942691296943e+01 1.416204402439045928e+01 1.469294670690102400e+01 1.515283552881976092e+01 1.555848621848447166e+01 1.592135312543628345e+01 1.624960617099782922e+01 1.654927772291377153e+01 1.682494882775034739e+01 1.708018040542433624e+01 1.731779531953029405e+01 1.754006922734307494e+01 1.774886346934447801e+01 1.794571991700778568e+01 1.813193014222669319e+01
1.038379309689861962e+01 1.282602543251056737e+01 1.425463976689220225e+01 1.526825776812251512e+01 1.605448097119838380e+01 1.669687210250414822e+01 1.724000606508705857e+01 1.771049010373446464e+01 1.812548643688578665e+01 1.849671330681033155e+01 1.883252885877300642e+01 1.913910443811609596e+01 1.942112663252555649e+01 1.968223840069900632e+01 1.992532764119196642e+01 2.015272243934640883e+01 2.036632701841248405e+01 2.056771877249773439e+01 2.075821902956620235e+01
6.540321939820024966e+00 8.893960342025309274e+00 1.027075054757265882e+01 1.124759874423059358e+01 1.200530107110627576e+01 1.262438894977794313e+01 1.314782029299482424e+01 1.360123714643587789e+01 1.400117915532529267e+01 1.435893947331156006e+01 1.468257304724795453e+01 1.497802735198322743e+01 1.524981896548259819e+01 1.550145869520010855e+01 1.573572967885890961e+01 1.595487554864116220e+01 1.616073145057394456e+01 1.635481755753057698e+01 1.653840726524525095e+01
1.036788360969080180e+01 1.277756711175360316e+01 1.418714159906677352e+01 1.518725061381640451e+01 1.596299543291698875e+01 1.659682510112957488e+01 1.713272044980780962e+01 1.759693411587920409e+01 1.800639958844274346e+01 1.837267893497978832e+01 1.870401890763550767e+01 1.900650860319237268e+01 1.928477214887331215e+01 1.954240395187061097e+01 1.978225342229296047e+01 2.000661761794200544e+01 2.021737538354648578e+01 2.041608309050554482e+01 2.060404445679446539e+01
6.290549050939611142e+00 8.644794919360446528e+00 1.002194046986434905e+01 1.099904078778128280e+01 1.175693867509844637e+01 1.237618633828518533e+01 1.289975277738462367e+01 1.335328665620211908e+01 1.375333188878908608e+01 1.411118454351928264e+01 1.443490164620087235e+01 1.473043220670601983e+01 1.500229396871363896e+01 1.525399864580545817e+01 1.548833009402318517e+01 1.570753252462295357e+01 1.591344155727691323e+01 1.610757775720992413e+01 1.629121484881536830e+01
1.088875672925855653e+01 1.332119961407670239e+01 1.474408748684130721e+01 1.575364249889484825e+01 1.653671420272667447e+01 1.717653037165945307e+01 1.771748723457677599e+01 1.818608538371299232e+01 1.859941824442405789e+01 1.896915708754481855e+01 1.930362655552777085e+01 1.960897325647759715e+01 1.988986499234932026e+01 2.014993011939492007e+01 2.039204496030942337e+01 2.061852826853113996e+01 2.083127663441650412e+01 2.103186112924220552e+01 2.122159778455764467e+01
9.597036043215203094e+00 1.198066014458168738e+01 1.337499085969624524e+01 1.436428424594817344e+01 1.513163981182868589e+01 1.575861496106273130e+01 1.628871489652153670e+01 1.674790834731465949e+01 1.715294567617728916e+01 1.751526391319517018e+01 1.784302062642833420e+01 1.814223906242921558e+01 1.841749334103011293e+01 1.867233899788802276e+01 1.890959462830972981e+01 1.913153244868114200e+01 1.934001098505944327e+01 1.953656977754377522e+01 1.972249844511713590e+01
7.212842939037185985e+00 9.595162649621951090e+00 1.098873034504291724e+01 1.197748236020671619e+01 1.274441800604788355e+01 1.337105005562768234e+01 1.390085990446217323e+01 1.435980207079148130e+01 1.476461775104864671e+01 1.512673771663264688e+01 1.545431507153697837e+01 1.575336976621244744e+01 1.602847341739544262e+01 1.628317961504694011e+01 1.652030541205361303e+01 1.674212178137624818e+01 1.695048623203067706e+01 1.714693746163341359e+01 1.733276438344917025e+01
9.044198534780839793e+00 1.142103790790949702e+01 1.281139981142734108e+01 1.379787728103815425e+01 1.456304865228273471e+01 1.518823918455599831e+01 1.571683024787388483e+01 1.617471665416681148e+01 1.657860108807384236e+01 1.693988802541139194e+01 1.726671181460416804e+01 1.756507855768465731e+01 1.783954935474769954e+01 1.809366962100254383e+01 1.833024992892923777e+01 1.855155602729546871e+01 1.875944115206497642e+01 1.895544046120249959e+01 1.914083990293006821e+01
8.098743418070755595e+00 1.054401651042559251e+01 1.197440957347563462e+01 1.298928960278043121e+01 1.377649171088155455e+01 1.441968266583047154e+01 1.496349286966812819e+01 1.543456269513526991e+01 1.585007572888051364e+01 1.622176480323639325e+01 1.655799846996608338e+01 1.686495575818531023e+01 1.714732909072229106e+01 1.740876596202296867e+01 1.765215786628643357e+01 1.787983578749010860e+01 1.809370631978046617e+01 1.829534882123535056e+01 1.848608626496815077e+01
7.080938387604409634e+00 9.430495570463898858e+00 1.080489841573674070e+01 1.178005275332338719e+01 1.253644122103026071e+01 1.315445559859622904e+01 1.367697930956079588e+01 1.412960993618287731e+01 1.452885844386907088e+01 1.488599840388975082e+01 1.520907079578490162e+01 1.550401278145571915e+01 1.577533310710135694e+01 1.602653649242028422e+01 1.626040124916259089e+01 1.647916711904236564e+01 1.668466606593539936e+01 1.687841562672856099e+01 1.706168698908223647e+01
9.932047882094332536e+00 1.232297512676621665e+01 1.372157790685182732e+01 1.471390237143810253e+01 1.548360902432961339e+01 1.611250515152371321e+01 1.664422925070557469e+01 1.710482961610998842e+01 1.751110793160932388e+01 1.787453626900149928e+01 1.820329719017360759e+01 1.850343239619559910e+01 1.877953002146382389e+01 1.903515649537746057e+01 1.927313904908710995e+01 1.949575686078187431e+01 1.970487415082372351e+01 1.990203517628120977e+01 2.008853350737789967e+01
7.801670981488766365e+00 1.014629053546430804e+01 1.151780505299756285e+01 1.249091008943985059e+01 1.324570899568685434e+01 1.386242460697310541e+01 1.438385022669450919e+01 1.483552964341539315e+01 1.523393912450636023e+01 1.559032854966239690e+01 1.591272200018703487e+01 1.620704416094864797e+01 1.647779430295011593e+01 1.672846978067004997e+01 1.696184306719565171e+01 1.718014919739093571e+01 1.738521628523274032e+01 1.757855867848190101e+01 1.776144489337929855e+01
8.206849346774868437e+00 1.055971395993304007e+01 1.193605152790435930e+01 1.291257857309121171e+01 1.367003179553311121e+01 1.428891614106253094e+01 1.481217539945962081e+01 1.526544318624938157e+01 1.566525370903385017e+01 1.602289640869128462e+01 1.634642358390705752e+01 1.664178075422070080e+01 1.691348301271404253e+01 1.716504001261779067e+01 1.739923397666260385e+01 1.761830779940755320e+01 1.782409602355174627e+01 1.801811832219202003e+01 1.820164767241726267e+01
1.034232091634757289e+01 1.275832472555105923e+01 1.417159635553456987e+01 1.517432853475454735e+01 1.595210803829203527e+01 1.658760016473805621e+01 1.712490110182490355e+01 1.759033234395803191e+01 1.800087179472156862e+01 1.836811184749552339e+01 1.870032088465426767e+01 1.900360397394154433e+01 1.928259737110433036e+01 1.954090491102838811e+01 1.978138347747903225e+01 2.000633615316152003e+01 2.021764671078609865e+01 2.041687560392505674e+01 2.060532997004757050e+01
8.924629734308688001e+00 1.129886518436106613e+01 1.268770389052452607e+01 1.367310063441344603e+01 1.443743372966284788e+01 1.506193934057690420e+01 1.558995131113688437e+01 1.604733608446582593e+01 1.645077804674036415e+01 1.681166917971522778e+01 1.713813492030944019e+01 1.743617479062928410e+01 1.771034489390110167e+01 1.796418676118926427e+01 1.820050788587868595e+01 1.842157153451820406e+01 1.862922891277706228e+01 1.882501349679274227e+01 1.901020982597930242e+01
7.786550443813925249e+00 1.020013238287285340e+01 1.161198730964018111e+01 1.261371432193178066e+01 1.339071415742756699e+01 1.402556924869910837e+01 1.456233158022034146e+01 1.502729626099070792e+01 1.543742417546643608e+01 1.580429609648649425e+01 1.613617211796629647e+01 1.643915118775803563e+01 1.671786491409557485e+01 1.697591351927927050e+01 1.721615102325382196e+01 1.744087820004963518e+01 1.765197693403023393e+01 1.785100611452536157e+01 1.803927156869286463e+01
1.002060243859279787e+01 1.242586981334386209e+01 1.383286103178125437e+01 1.483113718809492632e+01 1.560546033174326297e+01 1.623812840653231859e+01 1.677304164196477032e+01 1.723640456284599054e+01 1.764511962496971265e+01 1.801072770649432897e+01 1.834146044608335302e+01 1.864339578128338104e+01 1.892114936487059040e+01 1.917830901671583277e+01 1.941771892493171947e+01 1.964167193759705299e+01 1.985204345615952803e+01 2.005038699972077509e+01 2.023800389698606494e+01
9.333327495336401824e+00 1.166929037230741173e+01 1.303574105841215847e+01 1.400525324927841986e+01 1.475726532798930002e+01 1.537170393538316837e+01 1.589120437574480604e+01 1.634121612624943154e+01 1.673815462148791866e+01 1.709322820496030815e+01 1.741443133189286030e+01 1.770766681235418005e+01 1.797741730538306015e+01 1.822716725271581595e+01 1.845967889106505666e+01 1.867717900322043789e+01 1.888148895349564071e+01 1.907411749845892501e+01 1.925632847080438736e+01
6.831795483335307395e+00 9.253280290274688014e+00 1.066975809840023359e+01 1.167476509721406863e+01 1.245430908791075630e+01 1.309124290533961421e+01 1.362976277478428422e+01 1.409624990415344925e+01 1.450772071346515979e+01 1.487579389485013515e+01 1.520875658851123191e+01 1.551272771227899483e+01 1.579235403980900543e+01 1.605124758172366484e+01 1.629227170297568250e+01 1.651773471109282809e+01 1.672952465235227848e+01 1.692920552040454041e+01 1.711808741811872991e+01
1.061069176080004972e+01 1.306114331517726690e+01 1.449456558432180842e+01 1.551159486955448408e+01 1.630046407006891585e+01 1.694501713869902559e+01 1.748997899324463745e+01 1.796204642393169948e+01 1.837843940784356533e+01 1.875091562444613302e+01 1.908786134795150602e+01 1.939546869307624277e+01 1.967844001999808157e+01 1.994043054762185463e+01 2.018433789359067632e+01 2.041249797830891666e+01 2.062682143360105869e+01 2.082889096222078251e+01 2.102003233899963064e+01
6.682065547700921648e+00 9.102683828446023639e+00 1.051865475124202653e+01 1.152330210919112830e+01 1.230256714076092095e+01 1.293927303198712941e+01 1.347760019257330200e+01 1.394392038993623117e+01 1.435524395478313053e+01 1.472318542150602383e+01 1.505602896476198538e+01 1.535989131273223229e+01 1.563941757622850659e+01 1.589821847331840488e+01 1.613915634430202672e+01 1.636453867068133405e+01 1.657625282309781412e+01 1.677586223552823341e+01 1.696467654202255559e+01
6.233239511579923509e+00 8.618273624088379492e+00 1.001342914284658825e+01 1.100330773659683459e+01 1.177111722467805244e+01 1.239846325535504334e+01 1.292887676660582486e+01 1.338834184910528968e+01 1.379361877411325388e+01 1.415615133718650753e+01 1.448410193192022000e+01 1.478349736786350022e+01 1.505891447062760236e+01 1.531391087911427995e+01 1.555130685594471807e+01 1.577337596161374478e+01 1.598197782157271618e+01 1.617865288662170897e+01 1.636469153860609538e+01
9.399856384000152332e+00 1.175291333833253660e+01 1.312936341867811585e+01 1.410597029266492086e+01 1.486348543513460463e+01 1.548242037301050011e+01 1.600572240662704715e+01 1.645902724699730513e+01 1.685887045335607937e+01 1.721654238946699067e+01 1.754009601227198090e+01 1.783547732734288616e+01 1.810720179685981890e+01 1.835877936095943141e+01 1.859299246981256815e+01 1.881208420132968939e+01 1.901788924817947191e+01 1.921192740768846363e+01 1.939547176100845505e+01
9.345285621127173314e+00 1.177209990171318132e+01 1.319169525207058413e+01 1.419891418229918756e+01 1.498017388029368568e+01 1.561850953265659214e+01 1.615821463664998348e+01 1.662572846288519557e+01 1.703810488301399673e+01 1.740698816087969192e+01 1.774068367594693285e+01 1.804532381324260015e+01 1.832556557355963633e+01 1.858502891723599149e+01 1.882658351123709650e+01 1.905254274347120358e+01 1.926479881563815155e+01 1.946491916360000474e+01 1.965421677364627584e+01
8.883358947383792170e+00 1.131797681798065724e+01 1.274213697586541549e+01 1.375259468857752232e+01 1.453636658143749827e+01 1.517675484646228057e+01 1.571819540973330298e+01 1.618721255917438739e+01 1.660091500434703704e+01 1.697098445203436157e+01 1.730575298822599351e+01 1.761137271705914387e+01 1.789251561423651893e+01 1.815281328033016806e+01 1.839514460991912159e+01 1.862183042977125069e+01 1.883476902609250558e+01 1.903553287494390389e+01 1.922543918461364854e+01
8.485915284104216028e+00 1.088347851379419318e+01 1.228596309627073424e+01 1.328104174348417033e+01 1.405288470639025533e+01 1.468352632596070961e+01 1.521672621791869950e+01 1.567860497317414747e+01 1.608601090843725245e+01 1.645044793608023426e+01 1.678012132857588057e+01 1.708108955565068854e+01 1.735795348600364107e+01 1.761428944760867665e+01 1.785293251855677354e+01 1.807616820286412462e+01 1.828586589501015069e+01 1.848357413812722783e+01 1.867059009272493242e+01
1.049694110913314127e+01 1.290852665097849084e+01 1.431921376023933057e+01 1.532011219282384040e+01 1.609646933196802010e+01 1.673079930208468014e+01 1.726711764999563670e+01 1.773169773466918997e+01 1.814148641134551809e+01 1.850805487381337144e+01 1.883965638364150053e+01 1.914238484393002793e+01 1.942086803187248023e+01 1.967870319184098449e+01 1.991874198307420940e+01 2.014328327651453776e+01 2.035420739992257211e+01 2.055307195319086944e+01 2.074118168336075740e+01
6.723768837375470042e+00 9.129969387447010476e+00 1.053750647845348176e+01 1.153616993751855269e+01 1.231079349652000765e+01 1.294370702852502397e+01 1.347882779507652629e+01 1.394237048759009490e+01 1.435124411953149348e+01 1.471699404659154986e+01 1.504785510107541846e+01 1.534990757859656441e+01 1.562776892267314643e+01 1.588502834514806850e+01 1.612453113759801937e+01 1.634857103766163533e+01 1.655902417438902319e+01 1.675744466960303569e+01 1.694513435688746128e+01
7.608540882784314618e+00 1.007908476568455924e+01 1.152426029356724158e+01 1.254962864858480565e+01 1.334496613414250810e+01 1.399480417646748798e+01 1.454423441260362360e+01 1.502017253148505027e+01 1.543997970435017031e+01 1.581551001704275272e+01 1.615521850652038438e+01 1.646534805936773438e+01 1.675063959247889755e+01 1.701477829550387000e+01 1.726068554492543683e+01 1.749071641438529667e+01 1.770679720181739825e+01 1.791052358725041671e+01 1.810323221612601330e+01
9.842402667058967936e+00 1.222537927315746664e+01 1.361933122782085803e+01 1.460835587925596535e+01 1.537550299821840660e+01 1.600230783391935674e+01 1.653226377133771408e+01 1.699133248535446228e+01 1.739625978858274635e+01 1.775847960431690709e+01 1.808614728466911004e+01 1.838528444001785545e+01 1.866046394766691208e+01 1.891524037743621278e+01 1.915243155898029670e+01 1.937430909145296454e+01 1.958273099605542811e+01 1.977923639468124861e+01 1.996511455599719653e+01
9.555731441725249908e+00 1.202660769181487588e+01 1.347197764203981585e+01 1.449748394190450185e+01 1.529292842579828537e+01 1.594285389212944359e+01 1.649235804420959894e+01 1.696836019199412959e+01 1.738822384235438534e+01 1.776380467588791134e+01 1.810355886702526007e+01 1.841373014221906956e+01 1.869906005616842393e+01 1.896323429429922314e+01 1.920917462611285131e+01 1.943923644208375379e+01 1.965534629929457822e+01 1.985910009244400953e+01 2.005183464679528882e+01
6.948038719689137999e+00 9.345151030602599107e+00 1.074737184250400723e+01 1.174226334151606110e+01 1.251396114099947354e+01 1.314448415341746923e+01 1.367758376445692114e+01 1.413937565242952132e+01 1.454670496531887558e+01 1.491107345191293554e+01 1.524068484148788549e+01 1.554159646433092945e+01 1.581840832383828932e+01 1.607469607537038314e+01 1.631329426381434189e+01 1.653648796334298154e+01 1.674614621685164195e+01 1.694381727623233758e+01 1.713079805803276301e+01
1.043824090444386243e+01 1.290389819156926166e+01 1.434621524416747640e+01 1.536955547869465910e+01 1.616331983178407938e+01 1.681187253129287384e+01 1.736021602556254706e+01 1.783521276582005655e+01 1.825418958389109036e+01 1.862897711890947861e+01 1.896801368424892686e+01 1.927752981841827307e+01 1.956225706104670081e+01 1.982587331268794628e+01 2.007129417150769513e+01 2.030087005294545577e+01 2.051652344482704748e+01 2.071984687101648603e+01 2.091217433314651331e+01
7.203200475388424451e+00 9.631869901724892102e+00 1.105255044277968679e+01 1.206053932806135798e+01 1.284239624959304038e+01 1.348121986911615444e+01 1.402133754346492367e+01 1.448920875439782563e+01 1.490190041017094913e+01 1.527106567592950803e+01 1.560501628007450492e+01 1.590988929545262209e+01 1.619034528283883034e+01 1.645000696980138954e+01 1.669174621698430272e+01 1.691787818073429150e+01 1.713029650921951230e+01 1.733056983650741856e+01 1.752001215258235334e+01
6.831060996106112171e+00 9.211102941034493341e+00 1.060333822896104294e+01 1.159114488596287451e+01 1.235734725504568132e+01 1.298338017388942411e+01 1.351268346490435590e+01 1.397118683089125568e+01 1.437561546181597549e+01 1.473738919997406249e+01 1.506465335407436257e+01 1.536342211881780528e+01 1.563826273996086869e+01 1.589272540983273707e+01 1.612962448790061387e+01 1.635122877581963863e+01 1.655939400661805649e+01 1.675565740674435489e+01 1.694130665711716688e+01
