9.827878176345836714e-01 7.578791701248073220e-01
9.791998447318889243e-01 7.579215809911964419e-01
9.822880382146148559e-01 7.941120066699354219e-01
9.755563976828520723e-01 7.723550472430248393e-01
9.637471466686035049e-01 7.401019888987883100e-01
9.757502460375555575e-01 7.687369988642751562e-01
9.759549461633378886e-01 7.141590218111899535e-01
9.765946063787883658e-01 7.915395172857078165e-01
9.869472282043496580e-01 7.621301994513697275e-01
9.764476077206351023e-01 7.823458598718004975e-01
9.850717009199685403e-01 8.343963334781170360e-01
9.868627043939758314e-01 8.035442598272209969e-01
9.783627472914313561e-01 7.895044599293965515e-01
9.934587734012959581e-01 9.049679776428449784e-01
9.958421393097905971e-01 9.092737629772223995e-01
9.851179909896363718e-01 8.221353482481905672e-01
9.759002690198788077e-01 7.266597585075709187e-01
9.837856541451494019e-01 7.537341122174814334e-01
9.854873793655083425e-01 7.140147395529825580e-01
9.905509183621412639e-01 9.034837404127026295e-01
9.812833439801026403e-01 7.854332603129333679e-01
9.724782022653024605e-01 7.352333916831386151e-01
9.901023337725988194e-01 9.078374237945096015e-01
9.926399699554412370e-01 9.125866749826359037e-01
9.862722893835185189e-01 8.313466211601219236e-01
9.770726906002901169e-01 7.020576974547647620e-01
9.598172037492292974e-01 6.933631792519219239e-01
9.722730456016254186e-01 7.181030442092820598e-01
9.691836080931747199e-01 7.230018623612524120e-01
9.852320685451557702e-01 7.931862683061199348e-01
9.874530525635011324e-01 8.434135588501709968e-01
9.941112388139791145e-01 9.059831287504083175e-01
9.714278364961106416e-01 7.695226823643130931e-01
9.753629639734339163e-01 7.053262681296270653e-01
9.920176354501304417e-01 9.121432078943731980e-01
9.739184079529895621e-01 7.693575228836126989e-01
9.868696980839168909e-01 8.756790909047192928e-01
9.893351859740090459e-01 8.902326062246777028e-01
9.798966532386357287e-01 7.907275124702297653e-01
9.853448633355695874e-01 8.297545767210843248e-01
9.754490811861548094e-01 7.264892530710438390e-01
9.876531610051894061e-01 8.789053426199605612e-01
9.732853205745382041e-01 7.579948876295734550e-01
9.635843708117394213e-01 7.306849038355753834e-01
9.912520339924393298e-01 8.524489139449358266e-01
9.904954700116409549e-01 8.696551767900579932e-01
9.833308846673124437e-01 7.999268529693066565e-01
9.753913339479074462e-01 7.746156249205307098e-01
9.809941165757212200e-01 8.361314752876439771e-01
9.727713654084708672e-01 7.468112548450601684e-01
9.898260979034334550e-01 8.858781260322144968e-01
9.956017404301246154e-01 9.108222754004781097e-01
9.920823632946225157e-01 9.098202458870775500e-01
9.706525266131865726e-01 7.615102282077375051e-01
9.823837994800604934e-01 6.827452631392602056e-01
9.941486488228590268e-01 8.797024726891600199e-01
9.698772763858126700e-01 7.299875565538653799e-01
9.648812493829660442e-01 7.211073593292592898e-01
9.806317872852544637e-01 7.534883514093371204e-01
9.874308924507769758e-01 8.051636740254847213e-01
9.637996373867232514e-01 7.270226541200477399e-01
9.846665389452409212e-01 8.483590720802576257e-01
9.931849381431268053e-01 9.085669825424784740e-01
9.633614760077144901e-01 6.809807046874870595e-01
9.921982321504192459e-01 8.794193610878791034e-01
9.842192130701140629e-01 8.245717829419243472e-01
9.951126209045361160e-01 8.941887541504863757e-01
9.811120264909692912e-01 7.835947318762990221e-01
9.897556235252811252e-01 8.759065949335671508e-01
9.855888201864515530e-01 7.964849052992409861e-01
9.919584974852703185e-01 8.842034521792704327e-01
9.818427262221256502e-01 8.174559408932940974e-01
9.775614441757097817e-01 6.866976579666426161e-01
9.884229352962770054e-01 8.619331823359754896e-01
9.769766260297613192e-01 6.959004697655812866e-01
9.814815798341187669e-01 8.229929263229076586e-01
9.894131806748936997e-01 9.017957343063723874e-01
9.836210312139627154e-01 7.847826257575005737e-01
9.840683254375257594e-01 8.287891367114998964e-01
9.906097161661715500e-01 9.054787582195562567e-01
9.663592137807677229e-01 7.021344184871215477e-01
9.704030333161228761e-01 7.208820635323343051e-01
9.927164674436030900e-01 8.991042361887133794e-01
9.888854361824868100e-01 8.732903795302375816e-01
9.915140814665106550e-01 8.863883714919414958e-01
9.809472362385631694e-01 7.755633954388574391e-01
9.915821096286102643e-01 8.700712248056887699e-01
9.657595387235461404e-01 7.382919993474120757e-01
9.947050578966888379e-01 9.059006951697469168e-01
9.850056642801690021e-01 7.593825967303510227e-01
9.700425184083523167e-01 7.252631109552052369e-01
9.858686414055852776e-01 8.135500551328567198e-01
9.870852223015461613e-01 8.350425588871143168e-01
9.677796306520576319e-01 7.294225201352904087e-01
9.709916735317596359e-01 7.216670251606069897e-01
9.889347267003825159e-01 8.701883706591679868e-01
9.804447025428144613e-01 8.382630112356069807e-01
9.703774551605990339e-01 7.247956985823780229e-01
9.877111876830318993e-01 8.315842963920692110e-01
9.741567084384606945e-01 7.856059576551301937e-01
9.728589324208718470e-01 7.555296304749746783e-01
9.890518867406363768e-01 8.845888953976506208e-01
9.642091618044046353e-01 6.841640221966630575e-01
9.745656291816564565e-01 8.096941997205334696e-01
9.821230514552840019e-01 7.689571360664092525e-01
9.780820695611639470e-01 7.245444380716701271e-01
9.777297396911150962e-01 7.922612533217178177e-01
9.827853239594172008e-01 8.072210405274939937e-01
9.851923506755906335e-01 8.283190097968549104e-01
9.854104210251961593e-01 7.899509571820925169e-01
9.796967570520898061e-01 8.002282763805196319e-01
9.657885235178546024e-01 7.259250446833145354e-01
9.684450227663121691e-01 7.092796535244585421e-01
9.778623689055844226e-01 7.769727918978717174e-01
9.878319220054596617e-01 8.505508209061055647e-01
9.747926068768807406e-01 7.538453271414046197e-01
9.835349965535861161e-01 8.260306131542510810e-01
9.789036374081931946e-01 7.835368619587742556e-01
9.913493267254034347e-01 8.499003510879712397e-01
9.787036002964857317e-01 8.165772410989917685e-01
9.853373839884860264e-01 8.451886084132553822e-01
9.845800841197475117e-01 7.920186592655588109e-01
9.745232960126493094e-01 7.145912504813191068e-01
9.847372078108854732e-01 8.564385394221076808e-01
9.732851364392364202e-01 7.790610621276623515e-01
9.815367306682541981e-01 8.197847415402852445e-01
9.757878303444512680e-01 7.830746395725922682e-01
9.852354413863578797e-01 7.172274044740025722e-01
9.852108676895270367e-01 8.106942420202204458e-01
9.731900246170966939e-01 7.574273384416869703e-01
9.695196321103658477e-01 7.266397534791231294e-01
9.823658382400209943e-01 8.437950335913675382e-01
9.812169844314411193e-01 7.861506397796270695e-01
9.867035275238644765e-01 8.731543655662177272e-01
9.895972820080628507e-01 8.306595355543286985e-01
9.870866795087995804e-01 8.007412279184393800e-01
9.887379681097582251e-01 8.837372153509591710e-01
9.748389332457562118e-01 7.749358998923598918e-01
9.910733761523520258e-01 8.171718378334134059e-01
9.927809864091410308e-01 8.743875520564022841e-01
9.919920772625947514e-01 8.305400950028103413e-01
9.877638273920196221e-01 8.403401462728404825e-01
9.913021938871650063e-01 8.505549121018469716e-01
9.567571076255471096e-01 7.106269064880600395e-01
9.940499585977152774e-01 9.126048152547933112e-01
9.749994899832097328e-01 7.547858236498762308e-01
9.900798254890392780e-01 8.063017193677710637e-01
9.870615881264497293e-01 8.633289088077150675e-01
9.803505389074116394e-01 8.036481124179870594e-01
9.759713588895501113e-01 7.717970519533343676e-01
9.854222850511474840e-01 8.459691179918421566e-01
9.871219530699234523e-01 8.804769016840511275e-01
9.667435294508321952e-01 6.923512444928819898e-01
9.824479809190347357e-01 7.182680538324961450e-01
9.696067973915800664e-01 7.363944473879195929e-01
9.895073763590280791e-01 8.601074894247252578e-01
9.662880097089242559e-01 7.625152257453399196e-01
9.727215879883719385e-01 7.294946154856619680e-01
9.820140743246570381e-01 6.243743997358299769e-01
9.930289457902854444e-01 8.970022386912028800e-01
9.844098375668892675e-01 8.035318748502288111e-01
9.899879876785813160e-01 9.099367388480641416e-01
9.855893409006750705e-01 7.090572532316925525e-01
9.804552459825079946e-01 8.475319979466139353e-01
9.801373774952776285e-01 7.667244933957368946e-01
9.938752055879045422e-01 8.752937960267540562e-01
9.898879000857671029e-01 8.585847554846941510e-01
9.827830411331376359e-01 8.235866611721212038e-01
9.850084378109876804e-01 8.397842964156436718e-01
9.815800077951060132e-01 7.682447036940474039e-01
9.881039048908197842e-01 8.279749501660452760e-01
9.946509694538806512e-01 9.092073494927708222e-01
9.634573360499874006e-01 7.247220010265713608e-01
9.811638918285221500e-01 8.117996704759027349e-01
9.704494001890834332e-01 7.008505889448481962e-01
9.791862650928252476e-01 7.326879912471619960e-01
9.931833392554888507e-01 9.156193352830784837e-01
9.868651278730047327e-01 8.640165934349225418e-01
9.774944135259509004e-01 7.089283242086957815e-01
9.897511333626918262e-01 8.712386532594147415e-01
9.594160883066115142e-01 7.108484853338117304e-01
9.806821726653842664e-01 7.592562269402348685e-01
9.904835027109807344e-01 8.670568693882586553e-01
9.679203311869223336e-01 6.781156949022539848e-01
9.849683396307032934e-01 8.661692349790437451e-01
9.926295052045174261e-01 8.588327633070853562e-01
9.819664756552264340e-01 8.067657029802924873e-01
9.812190922328846154e-01 8.197779058720149337e-01
9.860220481359923683e-01 8.511026403065973245e-01
9.739533251248714274e-01 7.570139493432026523e-01
9.895231869194378582e-01 8.871827092947529581e-01
9.857992684329059951e-01 8.486276136919946866e-01
9.926128870685199113e-01 8.919499972257673992e-01
9.868945565969107214e-01 8.101244725097059840e-01
9.822757248179249112e-01 8.200575890152164149e-01
9.893145302919277295e-01 8.359160436106076730e-01
9.789010439446269585e-01 7.931971439966886139e-01
9.860689245797000790e-01 8.406081482546430284e-01
9.949114559857277218e-01 9.072220997478737115e-01
9.627294160196513406e-01 6.785913935415670561e-01
